0.0001 1 0 1 -1  0.22317E-01
1 1 0.5 0 0  0.10028E-01
1 1 0 1 1  0.36757E-01
0.0001 1 0 0.8 -0.8  0.20907E-01
1 1 0 0.8 1  0.38975E-01
1 1 0.5 1 -1  0.65596E-01
0.0001 1 0 0.6 -0.6  0.20984E-01
1 1 0 0.6 1  0.41235E-01
1 1 0.5 0.8 -0.8  0.49790E-01
0.0001 1 0 0.4 -0.4  0.22642E-01
1 1 0.5 0.6 -0.6  0.36349E-01
1 1 0 0.4 1  0.43635E-01
0.0001 1 0 0.2 -0.2  0.25826E-01
1 1 0.5 0.4 -0.4  0.25227E-01
1 1 0 0.2 1  0.46217E-01
0.0001 1 0 0 0  0.30545E-01
1 1 0.5 0.2 -0.2  0.16448E-01
1 1 0 0 1  0.48850E-01
1 1 1 -0.8 0.8  0.39284E-01
0.0001 1 0 -1 1  0.77356E-01
1 1 0 -1 1  0.64001E-01
1 1 1 -0.6 0.6  0.45750E-01
0.0001 1 0 -0.8 0.8  0.64899E-01
1 1 0 -0.8 1  0.60733E-01
1 1 1 -0.4 0.4  0.54487E-01
0.0001 1 0 -0.6 0.6  0.53991E-01
1 1 0 -0.6 1  0.57561E-01
1 1 1 -0.2 0.2  0.65571E-01
0.0001 1 0 -0.4 0.4  0.44630E-01
1 1 0 -0.4 1  0.54535E-01
1 1 1 0 0  0.79071E-01
0.0001 1 0 -0.2 0.2  0.36826E-01
1 1 0 -0.2 1  0.51637E-01
1 1 1 1 -1  0.18126E+00
1 1 0 1 -1  0.23320E-01
1 1 0 1 0.8  0.28464E-01
1 1 1 0.8 -0.8  0.15615E+00
1 1 0 0.8 -0.8  0.16884E-01
1 1 0 0.8 0.8  0.30298E-01
1 1 1 0.6 -0.6  0.13340E+00
1 1 0 0.6 -0.6  0.12785E-01
1 1 0 0.6 0.8  0.32295E-01
1 1 0 0.4 -0.4  0.11013E-01
1 1 1 0.4 -0.4  0.11289E+00
1 1 0 0.4 0.8  0.34362E-01
1 1 0 0.2 -0.2  0.11583E-01
1 1 1 0.2 -0.2  0.94920E-01
1 1 0 0.2 0.8  0.36596E-01
1 1 1.5 -0.8 0.8  0.14439E+00
1 1 0 0 0  0.14468E-01
1 1 0 0 0.8  0.38876E-01
1 1 1.5 -0.6 0.6  0.16029E+00
1 1 0 -1 1  0.64026E-01
1 1 0 -1 0.8  0.52385E-01
1 1 1.5 -0.4 0.4  0.17839E+00
1 1 0 -0.8 0.8  0.49423E-01
1 1 0 -0.8 0.8  0.49423E-01
1 1 1.5 -0.2 0.2  0.19897E+00
1 1 0 -0.6 0.6  0.37228E-01
1 1 0 -0.6 0.8  0.46651E-01
1 1 1.5 0 0  0.22155E+00
1 1 0 -0.4 0.4  0.27284E-01
1 1 0 -0.4 0.8  0.43918E-01
1 1 1.5 1 -1  0.37062E+00
1 1 0 -0.2 0.2  0.19725E-01
1 1 0 -0.2 0.8  0.41364E-01
1 1 1.5 0.8 -0.8  0.33594E+00
2.4 1 0 1 -1  0.60195E-01
1 1 0 1 0.6  0.21737E-01
1 1 1.5 0.6 -0.6  0.30406E+00
2.4 1 0 0.8 -0.8  0.41673E-01
1 1 0 0.8 0.6  0.23217E-01
1 1 1.5 0.4 -0.4  0.27424E+00
2.4 1 0 0.6 -0.6  0.27014E-01
1 1 0 0.6 0.6  0.24876E-01
1 1 1.5 0.2 -0.2  0.24662E+00
2.4 1 0 0.4 -0.4  0.16198E-01
1 1 0 0.4 0.6  0.26613E-01
1 1 2 -0.8 0.8  0.32318E+00
2.4 1 0 0.2 -0.2  0.92502E-02
1 1 0 0.2 0.6  0.28488E-01
1 1 2 -0.6 0.6  0.34815E+00
2.4 1 0 0 0  0.61464E-02
1 1 0 0 0.6  0.30478E-01
1 1 2 -0.4 0.4  0.37603E+00
2.4 1 0 -1 1  0.48427E-01
1 1 0 -1 0.6  0.42292E-01
1 1 2 -0.2 0.2  0.40573E+00
2.4 1 0 -0.8 0.8  0.32263E-01
1 1 0 -0.8 0.6  0.39685E-01
1 1 2 0 0  0.43779E+00
2.4 1 0 -0.6 0.6  0.19931E-01
1 1 0 -0.6 0.6  0.37190E-01
1 1 2 1 -1  0.63331E+00
2.4 1 0 -0.4 0.4  0.11493E-01
1 1 0 -0.4 0.6  0.34837E-01
1 1 2 0.8 -0.8  0.58934E+00
2.4 1 0 -0.2 0.2  0.68884E-02
1 1 0 -0.2 0.6  0.32583E-01
1 1 2 0.6 -0.6  0.54744E+00
5 1 0 1 -1  0.23848E+00
1 1 0 1 0.4  0.16530E-01
1 1 2 0.4 -0.4  0.50897E+00
5 1 0 0.8 -0.8  0.18177E+00
1 1 0 0.8 0.4  0.17715E-01
1 1 2 0.2 -0.2  0.47245E+00
1 1 0 0.6 0.4  0.18991E-01
5 1 0 0.6 -0.6  0.13314E+00
1 1 2.5 -0.8 0.8  0.57582E+00
1 1 0 0.4 0.4  0.20418E-01
5 1 0 0.4 -0.4  0.92343E-01
1 1 2.5 -0.6 0.6  0.60999E+00
1 1 0 0.2 0.4  0.21945E-01
5 1 0 0.2 -0.2  0.59460E-01
1 1 2.5 -0.4 0.4  0.64699E+00
1 1 0 0 0.4  0.23628E-01
5 1 0 0 0  0.34561E-01
1 1 2.5 -0.2 0.2  0.68572E+00
1 1 0 -1 0.4  0.33709E-01
5 1 0 -1 1  0.28919E-01
1 1 0 -0.8 0.4  0.31470E-01
5 1 0 -0.8 0.8  0.14172E-01
1 1 2.5 1 -1  0.96897E+00
1 1 0 -0.6 0.4  0.29289E-01
5 1 0 -0.6 0.6  0.73679E-02
1 1 2.5 0.8 -0.8  0.91644E+00
1 1 0 -0.4 0.4  0.27292E-01
5 1 0 -0.4 0.4  0.84894E-02
1 1 2.5 0.6 -0.6  0.86602E+00
1 1 0 -0.2 0.4  0.25395E-01
5 1 0 -0.2 0.2  0.17547E-01
1 1 2.5 0.4 -0.4  0.81698E+00
1 1 0 1 0.2  0.12876E-01
-1 1 0 1 -1  0.42447E-01
1 1 2.5 0.2 -0.2  0.77098E+00
1 1 0 0.8 0.2  0.13717E-01
-1 1 0 0.8 -0.8  0.42997E-01
1 1 3 -0.8 0.8  0.90169E+00
1 1 0 0.6 0.2  0.14672E-01
-1 1 0 0.6 -0.6  0.44534E-01
1 1 3 -0.6 0.6  0.94498E+00
1 1 0 0.4 0.2  0.15762E-01
-1 1 0 0.4 -0.4  0.47075E-01
1 1 3 -0.4 0.4  0.99032E+00
1 1 0 0.2 0.2  0.16945E-01
-1 1 0 0.2 -0.2  0.50560E-01
1 1 3 -0.2 0.2  0.10388E+01
1 1 0 0 0.2  0.18272E-01
-1 1 0 0 0  0.55059E-01
1 1 3 0 0  0.10905E+01
1 1 0 -1 0.2  0.26711E-01
-1 1 0 -1 1  0.92518E-01
1 1 3 1 -1  0.13792E+01
1 1 0 -0.8 0.2  0.24773E-01
-1 1 0 -0.8 0.8  0.83030E-01
1 1 3 0.8 -0.8  0.13167E+01
1 1 0 -0.6 0.2  0.22976E-01
-1 1 0 -0.6 0.6  0.74560E-01
1 1 3 0.6 -0.6  0.12565E+01
1 1 0 -0.4 0.2  0.21276E-01
-1 1 0 -0.4 0.4  0.67093E-01
1 1 3 0.4 -0.4  0.11992E+01
1 1 0 -0.2 0.2  0.19715E-01
-1 1 0 -0.2 0.2  0.60603E-01
1 1 3 0.2 -0.2  0.11433E+01
1 1 0 1 0  0.10760E-01
-2.4 1 0 1 -1  0.10614E+00
1 1 -0.5 0 0  0.92549E-01
1 1 0 0.8 0  0.11276E-01
-2.4 1 0 0.8 -0.8  0.10439E+00
1 1 -0.5 1 -1  0.54590E-01
1 1 0 0.6 0  0.11890E-01
-2.4 1 0 0.6 -0.6  0.10325E+00
1 1 -0.5 0.8 -0.8  0.57528E-01
1 1 0 0.4 0  0.12634E-01
-2.4 1 0 0.4 -0.4  0.10269E+00
1 1 -0.5 0.6 -0.6  0.62777E-01
1 1 0 0.2 0  0.13504E-01
1 1 -0.5 0.4 -0.4  0.70305E-01
-2.4 1 0 0.2 -0.2  0.10284E+00
1 1 0 0 0  0.14481E-01
1 1 -0.5 0.2 -0.2  0.80172E-01
-2.4 1 0 0 0  0.10360E+00
1 1 0 -1 0  0.21247E-01
1 1 -1 -0.8 0.8  0.35324E+00
-2.4 1 0 -1 1  0.11690E+00
1 1 0 -0.8 0  0.19624E-01
1 1 -1 -0.6 0.6  0.32265E+00
-2.4 1 0 -0.8 0.8  0.11285E+00
1 1 0 -0.6 0  0.18169E-01
1 1 -1 -0.4 0.4  0.29415E+00
-2.4 1 0 -0.6 0.6  0.10971E+00
1 1 0 -0.4 0  0.16829E-01
1 1 -1 -0.2 0.2  0.26804E+00
-2.4 1 0 -0.4 0.4  0.10694E+00
1 1 0 -0.2 0  0.15596E-01
1 1 -1 0 0  0.24380E+00
-2.4 1 0 -0.2 0.2  0.10504E+00
1 1 0 1 -1  0.23302E-01
1 1 -1 1 -1  0.15931E+00
-5 1 0 1 -1  0.33403E+00
1 1 0 0.8 -1  0.22131E-01
1 1 -1 0.8 -0.8  0.17161E+00
-5 1 0 0.8 -0.8  0.31227E+00
1 1 0 0.6 -1  0.21095E-01
1 1 -1 0.6 -0.6  0.18609E+00
-5 1 0 0.6 -0.6  0.29182E+00
1 1 0 0.4 -1  0.20155E-01
1 1 -1 0.4 -0.4  0.20319E+00
1 1 0 0.2 -1  0.19351E-01
-5 1 0 0.4 -0.4  0.27256E+00
1 1 -1 0.2 -0.2  0.22239E+00
1 1 0 0 -1  0.18658E-01
-5 1 0 0.2 -0.2  0.25463E+00
1 1 -1.5 -0.8 0.8  0.61565E+00
1 1 0 -1 -1  0.17021E-01
-5 1 0 0 0  0.23759E+00
1 1 -1.5 -0.6 0.6  0.57567E+00
1 1 0 -0.8 -1  0.17105E-01
-5 1 0 -1 1  0.17150E+00
1 1 -1.5 -0.4 0.4  0.53787E+00
1 1 0 -0.6 -1  0.17322E-01
-5 1 0 -0.8 0.8  0.18217E+00
1 1 -1.5 -0.2 0.2  0.50221E+00
1 1 0 -0.4 -1  0.17628E-01
-5 1 0 -0.6 0.6  0.19425E+00
1 1 -1.5 0 0  0.46898E+00
1 1 0 -0.2 -1  0.18087E-01
-5 1 0 -0.4 0.4  0.20760E+00
1 1 -1.5 1 -1  0.33792E+00
1 1 0 1 -0.8  0.17715E-01
1 1 -1.5 0.8 -0.8  0.35910E+00
1 1 0 0.8 -0.8  0.16883E-01
1 1 -1.5 0.6 -0.6  0.38327E+00
1 1 0 0.6 -0.8  0.16167E-01
1 1 0 0.4 -0.8  0.15554E-01
1 1 -1.5 0.4 -0.4  0.40955E+00
1 1 0 0.2 -0.8  0.15098E-01
1 1 -1.5 0.2 -0.2  0.43819E+00
1 1 0 0 -0.8  0.14734E-01
1 1 -2 -0.8 0.8  0.95149E+00
1 1 0 -1 -0.8  0.14777E-01
1 1 -2 -0.6 0.6  0.90248E+00
1 1 0 -0.8 -0.8  0.14522E-01
1 1 -2 -0.4 0.4  0.85458E+00
1 1 0 -0.6 -0.8  0.14393E-01
1 1 -2 -0.2 0.2  0.80988E+00
1 1 0 -0.4 -0.8  0.14382E-01
1 1 -2 0 0  0.76739E+00
1 1 0 -0.2 -0.8  0.14503E-01
1 1 -2 1 -1  0.58959E+00
1 1 0 1 -0.6  0.13667E-01
1 1 -2 0.8 -0.8  0.62064E+00
1 1 0 0.8 -0.6  0.13165E-01
1 1 -2 0.6 -0.6  0.65354E+00
1 1 0 0.6 -0.6  0.12783E-01
1 1 -2 0.4 -0.4  0.68915E+00
1 1 0 0.4 -0.6  0.12512E-01
1 1 -2 0.2 -0.2  0.72721E+00
1 1 0 0.2 -0.6  0.12375E-01
1 1 -2.5 -0.8 0.8  0.13609E+01
1 1 0 0 -0.6  0.12356E-01
1 1 -2.5 -0.6 0.6  0.13022E+01
1 1 0 -1 -0.6  0.14084E-01
1 1 -2.5 -0.4 0.4  0.12466E+01
1 1 0 -0.8 -0.6  0.13494E-01
1 1 -2.5 -0.2 0.2  0.11910E+01
1 1 0 -0.6 -0.6  0.13032E-01
1 1 -2.5 0 0  0.11392E+01
1 1 0 -0.4 -0.6  0.12686E-01
1 1 -2.5 1 -1  0.91544E+00
1 1 0 -0.2 -0.6  0.12457E-01
1 1 -2.5 0.8 -0.8  0.95515E+00
1 1 0 1 -0.4  0.11151E-01
1 1 -2.5 0.6 -0.6  0.99710E+00
1 1 0 0.8 -0.4  0.10992E-01
1 1 -2.5 0.4 -0.4  0.10426E+01
1 1 0 0.6 -0.4  0.10937E-01
1 1 -2.5 0.2 -0.2  0.10898E+01
1 1 0 0.4 -0.4  0.11013E-01
1 1 -3 -0.8 0.8  0.18446E+01
1 1 0 0.2 -0.4  0.11205E-01
1 1 -3 -0.6 0.6  0.17758E+01
1 1 0 0 -0.4  0.11532E-01
1 1 -3 -0.4 0.4  0.17113E+01
1 1 0 -1 -0.4  0.14921E-01
1 1 -3 -0.2 0.2  0.16460E+01
1 1 0 -0.8 -0.4  0.13996E-01
1 1 -3 0 0  0.15843E+01
1 1 0 -0.6 -0.4  0.13205E-01
1 1 -3 1 -1  0.13137E+01
1 1 0 -0.4 -0.4  0.12521E-01
1 1 -3 0.8 -0.8  0.13626E+01
1 1 0 -0.2 -0.4  0.11968E-01
1 1 -3 0.6 -0.6  0.14150E+01
1 1 0 1 -0.2  0.10183E-01
1 1 -3 0.4 -0.4  0.14690E+01
1 1 0 0.8 -0.2  0.10359E-01
1 1 -3 0.2 -0.2  0.15265E+01
1 1 0 0.6 -0.2  0.10635E-01
1 1 -3 -1 1  0.19136E+01
1 1 0 0.4 -0.2  0.11043E-01
1 1 -2.5 -1 1  0.14220E+01
1 1 0 0.2 -0.2  0.11577E-01
1 1 -0.5 -1 1  0.18859E+00
1 1 0 0 -0.2  0.12227E-01
1 1 -0.5 -0.8 0.8  0.16473E+00
1 1 0 -1 -0.2  0.17296E-01
1 1 -0.5 -0.6 0.6  0.14309E+00
1 1 0 -0.8 -0.2  0.16043E-01
1 1 -0.5 -0.4 0.4  0.12388E+00
1 1 0 -0.6 -0.2  0.14910E-01
1 1 -0.5 -0.2 0.2  0.10702E+00
1 1 0 -0.4 -0.2  0.13890E-01
1 1 0.5 -0.8 0.8  0.76227E-02
1 1 0 -0.2 -0.2  0.13004E-01
1 1 0.5 -0.6 0.6  0.47187E-02
1 1 0 -1.0 -0.2  0.17317E-01
1 1 0.5 -0.4 0.4  0.41552E-02
1 1 0 -0.8 -0.2 0.016043
1 1 0.5 -0.2 0.2  0.59185E-02
1 1 0 -0.6 -0.2 0.01491
1 1 1.0 -1 1  0.35249E-01
1 1 0 -0.4 -0.2 0.01389
1 1 1.5 -1 1  0.13114E+00
1 1 0 0.0 -0.2  0.12236E-01
1 1 2.0 -1 1  0.30047E+00
1 1 0 1.0 -0.2  0.10186E-01
1 1 2.5 -1 1  0.54326E+00
1 1 0 0.8 -0.2 0.010359
1 1 0 0.6 -0.2 0.010635
1 1 0 0.4 -0.2 0.011043
1 1 0 0.2 -0.2 0.011577
1 1 0 0.0 -0.2 0.012236
1 1 0 -0.8 -0.2  0.16057E-01
1 1 0 -0.6 -0.2  0.14904E-01
1 1 0 -0.2 -0.2 0.013004
1.0  1.0   -3.0   0.0 0.0 .14655E+01
1.0  1.5   -3.0   0.0 0.0 .19214E+01
1.0  2.0   -3.0   0.0 0.0 .27057E+01
1.0  2.5   -3.0   0.0 0.0 .39644E+01
1.0  0.5   -2.0   0.0 0.0 .56341E+00
1.0  1.5   -2.0   0.0 0.0 .10392E+01
1.0  2.0   -2.0   0.0 0.0 .16415E+01
1.0  2.5   -2.0   0.0 0.0 .26517E+01
1.0  0.5   -1.0   0.0 0.0 .14588E+00
1.0  1.0   -1.0   0.0 0.0 .22648E+00
1.0  2.0   -1.0   0.0 0.0 .84496E+00
1.0  2.5   -1.0   0.0 0.0 .16158E+01
1.0  0.75   0.0   0.0 0.0 .32336E-02
1.0  1.25   0.0   0.0 0.0 .38918E-01
1.0  1.75   0.0   0.0 0.0 .17918E+00
1.0  2.25   0.0   0.0 0.0 .53932E+00
1 1 2.5 0 0  0.72757E+00
1.0 1.5 -1 0 0     0.45910E+00
-5.0  1.25   0.0   0.0 0.0 .41944E+00
-5.0  1.75   0.0   0.0 0.0 .11035E+01
-5.0  2.25   0.0   0.0 0.0 .23617E+01
-3.5  0.75   0.0   0.0 0.0 .65908E-01
-3.5  1.25   0.0   0.0 0.0 .28135E+00
-3.5  1.75   0.0   0.0 0.0 .78767E+00
-3.5  2.25   0.0   0.0 0.0 .17676E+01
-2.4  0.75   0.0   0.0 0.0 .42008E-01
-2.4  1.25   0.0   0.0 0.0 .19829E+00
-2.4  1.75   0.0   0.0 0.0 .59224E+00
-2.4  2.25   0.0   0.0 0.0 .13903E+01
-1.0  0.75   0.0   0.0 0.0 .19612E-01
-1.0  1.25   0.0   0.0 0.0 .11477E+00
-1.0  1.75   0.0   0.0 0.0 .38719E+00
-1.0  2.25   0.0   0.0 0.0 .98163E+00
2.4  0.75   0.0   0.0 0.0 .26790E-02
2.4  1.25   0.0   0.0 0.0 .16127E-01
2.4  1.75   0.0   0.0 0.0 .92836E-01
2.4  2.25   0.0   0.0 0.0 .32782E+00
3.5  0.75   0.0   0.0 0.0 .85539E-02
3.5  1.25   0.0   0.0 0.0 .15741E-01
3.5  1.75   0.0   0.0 0.0 .59374E-01
3.5  2.25   0.0   0.0 0.0 .21836E+00
5.0  0.75   0.0   0.0 0.0 .25503E-01
5.0  1.25   0.0   0.0 0.0 .40067E-01
5.0  1.75   0.0   0.0 0.0 .62428E-01
5.0  2.25   0.0   0.0 0.0 .14966E+00
-15.0  0.5   0.0   0.0 0.0 .26746E+00
-15.0  1.0   0.0   0.0 0.0 .12380E+01
-15.0  1.5   0.0   0.0 0.0 .31936E+01
-15.0  2.0   0.0   0.0 0.0 .64634E+01
-15.0  2.5   0.0   0.0 0.0 .11414E+02
-12.5  0.5   0.0   0.0 0.0 .19156E+00
-12.5  1.0   0.0   0.0 0.0 .90850E+00
-12.5  1.5   0.0   0.0 0.0 .23979E+01
-12.5  2.0   0.0   0.0 0.0 .49489E+01
-10.0  0.5   0.0   0.0 0.0 .12800E+00
-10.0  1.0   0.0   0.0 0.0 .63094E+00
-10.0  1.5   0.0   0.0 0.0 .17193E+01
-10.0  2.0   0.0   0.0 0.0 .36464E+01
-10.0  2.5   0.0   0.0 0.0 .67114E+01
-7.5  0.5   0.0   0.0 0.0 .77363E-01
-7.5  1.0   0.0   0.0 0.0 .40366E+00
-7.5  1.5   0.0   0.0 0.0 .11542E+01
-7.5  2.0   0.0   0.0 0.0 .25436E+01
-7.5  2.5   0.0   0.0 0.0 .48347E+01
-5.0  0.5   0.0   0.0 0.0 .39398E-01
-3.5  0.5   0.0   0.0 0.0 .22783E-01
-3.5  1.0   0.0   0.0 0.0 .14673E+00
-3.5  1.5   0.0   0.0 0.0 .48777E+00
-3.5  2.0   0.0   0.0 0.0 .12048E+01
-3.5  2.5   0.0   0.0 0.0 .25032E+01
-2.4  0.5   0.0   0.0 0.0 .13497E-01
-2.4  1.0   0.0   0.0 0.0 .98963E-01
-2.4  1.5   0.0   0.0 0.0 .35644E+00
-2.4  2.0   0.0   0.0 0.0 .92893E+00
-2.4  2.5   0.0   0.0 0.0 .20020E+01
-1.0  0.5   0.0   0.0 0.0 .52491E-02
-1.0  1.0   0.0   0.0 0.0 .52398E-01
-1.0  1.5   0.0   0.0 0.0 .22084E+00
-1.0  2.0   0.0   0.0 0.0 .63318E+00
-1.0  2.5   0.0   0.0 0.0 .14560E+01
1.0  0.5   0.0   0.0 0.0 .39551E-03
1.0  1.5   0.0   0.0 0.0 .89747E-01
1.0  2.0   0.0   0.0 0.0 .32296E+00
1.0  2.5   0.0   0.0 0.0 .84938E+00
2.4  0.5   0.0   0.0 0.0 .18488E-02
2.4  1.0   0.0   0.0 0.0 .57340E-02
2.4  1.5   0.0   0.0 0.0 .41647E-01
2.4  2.0   0.0   0.0 0.0 .18297E+00
2.4  2.5   0.0   0.0 0.0 .54627E+00
3.5  0.5   0.0   0.0 0.0 .57917E-02
3.5  1.0   0.0   0.0 0.0 .10827E-01
3.5  1.5   0.0   0.0 0.0 .29076E-01
3.5  2.0   0.0   0.0 0.0 .11775E+00
3.5  2.5   0.0   0.0 0.0 .37734E+00
5.0  0.5   0.0   0.0 0.0 .15146E-01
5.0  1.0   0.0   0.0 0.0 .33683E-01
5.0  1.5   0.0   0.0 0.0 .47703E-01
5.0  2.0   0.0   0.0 0.0 .92627E-01
5.0  2.5   0.0   0.0 0.0 .24723E+00
7.5  0.5   0.0   0.0 0.0 .40900E-01
7.5  1.0   0.0   0.0 0.0 .11258E+00
7.5  1.5   0.0   0.0 0.0 .17052E+00
7.5  2.0   0.0   0.0 0.0 .21372E+00
7.5  2.5   0.0   0.0 0.0 .28459E+00
10.0  0.5   0.0   0.0 0.0 .79358E-01
10.0  1.0   0.0   0.0 0.0 .24237E+00
10.0  1.5   0.0   0.0 0.0 .40784E+00
10.0  2.0   0.0   0.0 0.0 .53858E+00
10.0  2.5   0.0   0.0 0.0 .64098E+00
12.5  0.5   0.0   0.0 0.0 .13070E+00
12.5  1.0   0.0   0.0 0.0 .42303E+00
12.5  1.5   0.0   0.0 0.0 .75991E+00
12.5  2.0   0.0   0.0 0.0 .10684E+01
12.5  2.5   0.0   0.0 0.0 .13160E+01
15.0  0.5   0.0   0.0 0.0 .19467E+00
15.0  1.0   0.0   0.0 0.0 .65475E+00
15.0  1.5   0.0   0.0 0.0 .12276E+01
15.0  2.0   0.0   0.0 0.0 .18000E+01
15.0  2.5   0.0   0.0 0.0 .23065E+01
1.0  0.5   -0.5   0.0 0.0 .39084E-01
1.0  1.0   -0.5   0.0 0.0 .85938E-01
1.0  1.5   -0.5   0.0 0.0 .22498E+00
1.0  2.5   -0.5   0.0 0.0 .11987E+01
1.0  0.5   0.5   0.0 0.0 .29757E-01
1.0  1.0   0.5   0.0 0.0 .90844E-02
1.0  1.5   0.5   0.0 0.0 .22432E-01
1.0  2.0   0.5   0.0 0.0 .16346E+00
1.0  0.5   1.0   0.0 0.0 .12716E+00
1.0  1.0   1.0   0.0 0.0 .72645E-01
1.0  1.5   1.0   0.0 0.0 .23139E-01
1.0  2.0   1.0   0.0 0.0 .72191E-01
1.0  2.5   1.0   0.0 0.0 .35650E+00
1.0  0.5   2.0   0.0 0.0 .52609E+00
1.0  1.0   2.0   0.0 0.0 .40371E+00
1.0  1.5   2.0   0.0 0.0 .22852E+00
1.0  2.0   2.0   0.0 0.0 .93600E-01
1.0  2.5   2.0   0.0 0.0 .13589E+00
1.0  0.5   3.0   0.0 0.0 .11963E+01
1.0  1.0   3.0   0.0 0.0 .10079E+01
1.0  1.5   3.0   0.0 0.0 .70649E+00
1.0  2.0   3.0   0.0 0.0 .38683E+00
1.0  2.5   3.0   0.0 0.0 .18703E+00
-15.0  0.5   3.0   0.0 0.0 .51444E+00
-15.0  1.0   3.0   0.0 0.0 .33198E+00
-15.0  1.5   3.0   0.0 0.0 .96078E+00
-15.0  2.0   3.0   0.0 0.0 .27262E+01
-15.0  2.5   3.0   0.0 0.0 .60003E+01
-12.5  0.5   3.0   0.0 0.0 .58609E+00
-12.5  1.0   3.0   0.0 0.0 .30025E+00
-12.5  1.5   3.0   0.0 0.0 .61163E+00
-12.5  2.0   3.0   0.0 0.0 .18117E+01
-12.5  2.5   3.0   0.0 0.0 .42335E+01
-10.0  0.5   3.0   0.0 0.0 .67147E+00
-10.0  1.0   3.0   0.0 0.0 .31899E+00
-10.0  1.5   3.0   0.0 0.0 .37672E+00
-10.0  2.0   3.0   0.0 0.0 .11002E+01
-10.0  2.5   3.0   0.0 0.0 .27828E+01
-7.5  0.5   3.0   0.0 0.0 .76945E+00
-7.5  1.0   3.0   0.0 0.0 .38889E+00
-7.5  1.5   3.0   0.0 0.0 .25672E+00
-7.5  2.0   3.0   0.0 0.0 .59096E+00
-7.5  2.5   3.0   0.0 0.0 .16522E+01
-5  0.5   3.0   0.0 0.0 .87982E+00
-5  1.0   3.0   0.0 0.0 .50923E+00
-5  1.5   3.0   0.0 0.0 .25127E+00
-5  2.0   3.0   0.0 0.0 .28633E+00
-5  2.5   3.0   0.0 0.0 .83897E+00
-2.4  0.5   3.0   0.0 0.0 .10080E+01
-2.4  1.0   3.0   0.0 0.0 .68870E+00
-2.4  1.5   3.0   0.0 0.0 .36738E+00
-2.4  2.0   3.0   0.0 0.0 .18581E+00
-2.4  2.5   3.0   0.0 0.0 .33140E+00
2.4  0.5   3.0   0.0 0.0 .12814E+01
2.4  1.0   3.0   0.0 0.0 .11653E+01
2.4  1.5   3.0   0.0 0.0 .90739E+00
2.4  2.0   3.0   0.0 0.0 .57925E+00
2.4  2.5   3.0   0.0 0.0 .29917E+00
5.  0.5   3.0   0.0 0.0 .14486E+01
5.  1.0   3.0   0.0 0.0 .15019E+01
5.  1.5   3.0   0.0 0.0 .13759E+01
5.  2.0   3.0   0.0 0.0 .11065E+01
5.  2.5   3.0   0.0 0.0 .77142E+00
7.5  0.5   3.0   0.0 0.0 .16241E+01
7.5  1.0   3.0   0.0 0.0 .18768E+01
7.5  1.5   3.0   0.0 0.0 .19445E+01
7.5  2.0   3.0   0.0 0.0 .18205E+01
7.5  2.5   3.0   0.0 0.0 .15518E+01
10.0  0.5   3.0   0.0 0.0 .18098E+01
10.0  1.0   3.0   0.0 0.0 .23042E+01
10.0  1.5   3.0   0.0 0.0 .26271E+01
10.0  2.0   3.0   0.0 0.0 .27407E+01
10.0  2.5   3.0   0.0 0.0 .26493E+01
12.5  0.5   3.0   0.0 0.0 .20105E+01
12.5  1.0   3.0   0.0 0.0 .27814E+01
12.5  1.5   3.0   0.0 0.0 .34228E+01
12.5  2.0   3.0   0.0 0.0 .38614E+01
12.5  2.5   3.0   0.0 0.0 .40659E+01
15.0  0.5   3.0   0.0 0.0 .22207E+01
15.0  1.0   3.0   0.0 0.0 .33099E+01
15.0  1.5   3.0   0.0 0.0 .43352E+01
15.0  2.0   3.0   0.0 0.0 .51870E+01
15.0  2.5   3.0   0.0 0.0 .57994E+01
5.0  0.75   3.0   0.0 0.0 .14988E+01
5.0  1.25   3.0   0.0 0.0 .14608E+01
5.0  1.75   3.0   0.0 0.0 .12556E+01
5.0  2.25   3.0   0.0 0.0 .94033E+00
-15.0  1.0   -3.0   0.0 0.0 .45891E+01
-15.0  1.5   -3.0   0.0 0.0 .78671E+01
-15.0  2.0   -3.0   0.0 0.0 .12642E+02
-15.0  2.5   -3.0   0.0 0.0 .19275E+02
-12.5  1.0   -3.0   0.0 0.0 .39665E+01
-12.5  1.5   -3.0   0.0 0.0 .66302E+01
-12.5  2.0   -3.0   0.0 0.0 .10537E+02
-10.0  1.0   -3.0   0.0 0.0 .33885E+01
-10.0  1.5   -3.0   0.0 0.0 .55106E+01
-10.0  2.0   -3.0   0.0 0.0 .86389E+01
-10.0  2.5   -3.0   0.0 0.0 .13077E+02
-7.5  1.0   -3.0   0.0 0.0 .28660E+01
-7.5  1.5   -3.0   0.0 0.0 .45009E+01
-7.5  2.0   -3.0   0.0 0.0 .69500E+01
-7.5  2.5   -3.0   0.0 0.0 .10472E+02
-5  1.0   -3.0   0.0 0.0 .23951E+01
-5  1.5   -3.0   0.0 0.0 .36070E+01
-5  2.0   -3.0   0.0 0.0 .54579E+01
-5  2.5   -3.0   0.0 0.0 .81643E+01
-2.4  1.0   -3.0   0.0 0.0 .19564E+01
-2.4  1.5   -3.0   0.0 0.0 .27914E+01
-2.4  2.0   -3.0   0.0 0.0 .41175E+01
-2.4  2.5   -3.0   0.0 0.0 .61199E+01
2.4  1.0   -3.0   0.0 0.0 .12941E+01
2.4  1.5   -3.0   0.0 0.0 .16245E+01
2.4  2.0   -3.0   0.0 0.0 .22357E+01
5.  1.0   -3.0   0.0 0.0 .10143E+01
5.  1.5   -3.0   0.0 0.0 .11675E+01
5.  2.0   -3.0   0.0 0.0 .15268E+01
5.  2.5   -3.0   0.0 0.0 .21712E+01
7.5  1.0   -3.0   0.0 0.0 .79658E+00
7.5  1.5   -3.0   0.0 0.0 .84561E+00
7.5  2.0   -3.0   0.0 0.0 .10555E+01
7.5  2.5   -3.0   0.0 0.0 .14670E+01
10.0  1.0   -3.0   0.0 0.0 .62905E+00
10.0  1.5   -3.0   0.0 0.0 .63778E+00
10.0  2.0   -3.0   0.0 0.0 .78621E+00
10.0  2.5   -3.0   0.0 0.0 .10823E+01
12.5  1.0   -3.0   0.0 0.0 .51304E+00
12.5  1.5   -3.0   0.0 0.0 .54546E+00
12.5  2.0   -3.0   0.0 0.0 .72238E+00
12.5  2.5   -3.0   0.0 0.0 .10144E+01
15.0  1.0   -3.0   0.0 0.0 .44839E+00
15.0  1.5   -3.0   0.0 0.0 .56647E+00
15.0  2.0   -3.0   0.0 0.0 .86125E+00
15.0  2.5   -3.0   0.0 0.0 .12645E+01
-3.5 2 1.5 0 0  0.41405E+00
-3.5 2 2.0 0 0  0.27785E+00
-3.5 2 2.5 0 0  0.21481E+00
-3.5 2 0.5 0 0  0.90766E+00
3.5 2 2.5 0 0  0.53399E+00
3.5 1.0 2.5 0 0  0.98418E+00
3.5 1.0 0.5 0 0  0.58715E-01
-3.5 1 0.5 0 0  0.55281E-01
-3.5 1 1.5 0 0  0.79754E-01
-3.5 1 2.0 0 0  0.20232E+00
-3.5 1 2.5 0 0  0.39817E+00
3.5 2 2.0 0 0  0.30573E+00
3.5 2 1.5 0 0  0.15069E+00
3.5 2 0.5 0 0  0.61609E-01
3.5 0.5 2.5 0 0  0.10299E+01
3.5 0.5 0.0 0 0  0.59505E-02
-3.5 0.5 2.5 0 0  0.68302E+00
-3.5 0.5 0.5 0 0  0.85724E-02
-3.5 0.5 2.0 0 0  0.40401E+00
-3.5 0.5 1.5 0 0  0.19876E+00
-2.4 1.5 -1 0 0     0.95020E+00
2.4 1.5 -1 0 0     0.32146E+00
-5.0 1.5 -1 0 0     0.14733E+01
2.4 1.5 -1 0 0    0.32146
-5.0 1.0 0 0 0     0.23758E+00
-5.0 1.5 -1 0 0    1.4733
5.0 1.5 -1 0 0     0.16349E+00
-5.0 2.5 0 0 0     0.34381E+01
7.5 1.5 -1 0 0     0.13298E+00
-5.0 2.0 0 0 0     0.17230E+01
10 1.5 -1 0 0     0.22113E+00
-5.0 1.5 0 0 0     0.73466E+00
12.5 1.5 -1 0 0  0.42785E+00
-5.0 0.5 0 0 0  0.40977E-01
15 1.5 -1 0 0  0.75294E+00
-7.5 1.5 -1 0 0  0.20963E+01
3.5 2.5 -3 0 0  0.29624E+01
-10 1.5 -1 0 0  0.28393E+01
3.5 2.0 -3 0 0  0.20638E+01
-12.5 1.5 -1 0 0  0.37007E+01
3.5 1.5 -3 0 0  0.15362E+01
-12.5 2.5 -3 0 0  0.16818E+02
3.5 0.5 -3 0 0  0.12038E+01
-15 1.5 -1 0 0  0.46830E+01
3.5 2.5 -2 0 0  0.18167E+01
-15 1.5 -1 0 0       4.683
3.5 2.0 -2 0 0  0.11254E+01
-3.5 2.5 -3 0 0  0.73643E+01
3.5 1.5 -2 0 0  0.74045E+00
-3.5 2.0 -3 0 0   0.49525E+01
3.5 0.5 -2 0 0   0.51021E+00
-3.5 1.5 -3 0 0   0.33247E+01
3.5 2.5 -1 0 0   0.96556E+00
-3.5 0.5 -3 0 0   0.16586E+01
3.5 2.0 -1 0 0   0.47939E+00
-3.5 2.5 -2 0 0   0.54926E+01
3.5 1.5 -1 0 0   0.23906E+00
-3.5 2.0 -2 0 0   0.34289E+01
3.5 0.5 -1 0 0   0.11118E+00
-3.5 1.5 -2 0 0   0.20933E+01
3.5 2.5 -0.5 0 0   0.64880E+00
-3.5 0.5 -2 0 0   0.81957E+00
3.5 2.0 -0.5 0 0   0.26660E+00
-3.5 2.5 -1 0 0   0.39143E+01
3.5 1.5 -0.5 0 0   0.98346E-01
-3.5 2.0 -1 0 0   0.21981E+01
3.5 0.5 -0.5 0 0   0.21839E-01
-3.5 1.5 -1 0 0   0.11560E+01
3.5 2.5 3 0 0   0.49622E+00
-3.5 0.5 -1 0 0   0.27437E+00
3.5 2.0 3 0 0   0.83514E+00
-3.5 2.5 -0.5 0 0   0.32348E+01
3.5 1.5 3 0 0   0.11717E+01
-3.5 2.0 -0.5 0 0   0.16953E+01
3.5 0.5 3 0 0   0.14547E+01
-3.5 1.5 -0.5 0 0   0.79656E+00
3.5 2.5 2 0 0   0.17237E+00
-3.5 0.5 -0.5 0 0   0.11240E+00
3.5 2.0 2 0 0   0.30550E+00
-3.5 2.5 3 0 0   0.53319E+00
3.5 1.5 2 0 0   0.49776E+00
-3.5 2.0 3 0 0   0.22576E+00
3.5 0.5 2 0 0   0.67750E+00
-3.5 1.5 3 0 0   0.34158E+00
3.5 2.5 1 0 0   0.14251E+00
-3.5 0.5 3 0 0   0.10350E+01
3.5 2.0 1 0 0   0.69410E-01
-3.5 2.5 2 0 0   0.93681E+00
3.5 1.5 1 0 0   0.11752E+00
-3.5 2.0 2 0 0   0.27772E+00
3.5 0.5 1 0 0   0.19472E+00
-3.5 1.5 2 0 0   0.10408E+00
3.5 2.5 0.5 0 0   0.23793E+00
-3.5 0.5 2 0 0   0.40412E+00
3.5 2.0 0.5 0 0   0.61618E-01
-3.5 2.5 1 0 0   0.16358E+01
3.5 1.5 0.5 0 0   0.37662E-01
-3.5 2.0 1 0 0   0.62399E+00
-3.5 1.5 1 0 0   0.16044E+00
-3.5 0.5 1 0 0   0.66944E-01
-3.5 2.5 0.5 0 0   0.20934E+01
-3.5 2.0 0.5 0 0   0.90778E+00
3.5  0.75   0.5   0.0 0.0 .61665E-01
3.5  1.25   0.5   0.0 0.0 .45327E-01
3.5  1.75   0.5   0.0 0.0 .36215E-01
3.5  2.25   0.5   0.0 0.0 .11340E+00
5.0  0.75   0.5   0.0 0.0 .10093E+00
5.0  1.25   0.5   0.0 0.0 .10667E+00
5.0  1.75   0.5   0.0 0.0 .91234E-01
5.0  2.25   0.5   0.0 0.0 .11141E+00
3.5  0.75   1.0   0.0 0.0 .18294E+00
3.5  1.25   1.0   0.0 0.0 .14291E+00
3.5  1.75   1.0   0.0 0.0 .81021E-01
3.5  2.25   1.0   0.0 0.0 .76411E-01
5.0  0.75   1.0   0.0 0.0 .24439E+00
5.0  1.25   1.0   0.0 0.0 .24129E+00
5.0  1.75   1.0   0.0 0.0 .18789E+00
5.0  2.25   1.0   0.0 0.0 .14121E+00
5.0  0.75   2.0   0.0 0.0 .73519E+00
5.0  1.25   2.0   0.0 0.0 .71477E+00
5.0  1.75   2.0   0.0 0.0 .58534E+00
5.0  2.25   2.0   0.0 0.0 .40480E+00
-15.0  0.5   -2.0   0.0 0.0 .14631E+01
-15.0  1.5   -2.0   0.0 0.0 .60408E+01
-15.0  2.0   -2.0   0.0 0.0 .10305E+02
-15.0  2.5   -2.0   0.0 0.0 .16370E+02
-12.5  0.5   -2.0   0.0 0.0 .12876E+01
-12.5  1.5   -2.0   0.0 0.0 .49489E+01
-12.5  2.0   -2.0   0.0 0.0 .84037E+01
-12.5  2.5   -2.0   0.0 0.0 .13371E+02
-10.0  0.5   -2.0   0.0 0.0 .11260E+01
-10.0  1.5   -2.0   0.0 0.0 .39755E+01
-10.0  2.0   -2.0   0.0 0.0 .67060E+01
-10.0  2.5   -2.0   0.0 0.0 .10687E+02
-7.5  0.5   -2.0   0.0 0.0 .97704E+00
-7.5  1.5   -2.0   0.0 0.0 .31127E+01
-7.5  2.0   -2.0   0.0 0.0 .52060E+01
-7.5  2.5   -2.0   0.0 0.0 .83154E+01
-5  0.5   -2.0   0.0 0.0 .83965E+00
-5  1.5   -2.0   0.0 0.0 .23647E+01
-5  2.0   -2.0   0.0 0.0 .39120E+01
-5  2.5   -2.0   0.0 0.0 .62699E+01
-2.4  0.5   -2.0   0.0 0.0 .71112E+00
-2.4  1.5   -2.0   0.0 0.0 .17090E+01
-2.4  2.0   -2.0   0.0 0.0 .27851E+01
-2.4  2.5   -2.0   0.0 0.0 .44768E+01
2.4  0.5   -2.0   0.0 0.0 .50920E+00
2.4  1.5   -2.0   0.0 0.0 .82460E+00
2.4  2.0   -2.0   0.0 0.0 .12784E+01
2.4  2.5   -2.0   0.0 0.0 .20715E+01
5.  0.5   -2.0   0.0 0.0 .42000E+00
5.  1.5   -2.0   0.0 0.0 .52266E+00
5.  2.0   -2.0   0.0 0.0 .77741E+00
5.  2.5   -2.0   0.0 0.0 .12570E+01
7.5  0.5   -2.0   0.0 0.0 .34671E+00
7.5  1.5   -2.0   0.0 0.0 .34866E+00
7.5  2.0   -2.0   0.0 0.0 .50236E+00
7.5  2.5   -2.0   0.0 0.0 .80111E+00
10.0  0.5   -2.0   0.0 0.0 .28614E+00
10.0  1.5   -2.0   0.0 0.0 .28916E+00
10.0  2.0   -2.0   0.0 0.0 .43237E+00
10.0  2.5   -2.0   0.0 0.0 .66260E+00
12.5  0.5   -2.0   0.0 0.0 .23836E+00
12.5  1.5   -2.0   0.0 0.0 .34465E+00
12.5  2.0   -2.0   0.0 0.0 .56508E+00
12.5  2.5   -2.0   0.0 0.0 .84232E+00
15.0  0.5   -2.0   0.0 0.0 .20376E+00
15.0  1.5   -2.0   0.0 0.0 .51452E+00
15.0  2.0   -2.0   0.0 0.0 .90206E+00
15.0  2.5   -2.0   0.0 0.0 .13410E+01
-15.0  0.5   -1.0   0.0 0.0 .72930E+00
-15.0  1.0   -1.0   0.0 0.0 .20825E+01
-15.0  2.0   -1.0   0.0 0.0 .82477E+01
-15.0  2.5   -1.0   0.0 0.0 .13763E+02
-12.5  0.5   -1.0   0.0 0.0 .60384E+00
-12.5  1.0   -1.0   0.0 0.0 .16566E+01
-12.5  2.0   -1.0   0.0 0.0 .65424E+01
-12.5  2.5   -1.0   0.0 0.0 .10999E+02
-10.0  0.5   -1.0   0.0 0.0 .49099E+00
-10.0  1.0   -1.0   0.0 0.0 .12786E+01
-10.0  2.0   -1.0   0.0 0.0 .50388E+01
-10.0  2.5   -1.0   0.0 0.0 .85611E+01
-7.5  0.5   -1.0   0.0 0.0 .39088E+00
-7.5  1.0   -1.0   0.0 0.0 .95320E+00
-7.5  2.0   -1.0   0.0 0.0 .37389E+01
-7.5  2.5   -1.0   0.0 0.0 .64428E+01
-5  0.5   -1.0   0.0 0.0 .30357E+00
-5  1.0   -1.0   0.0 0.0 .67769E+00
-5  2.0   -1.0   0.0 0.0 .26453E+01
-5  2.5   -1.0   0.0 0.0 .46393E+01
-2.4  0.5   -1.0   0.0 0.0 .22601E+00
-2.4  1.0   -1.0   0.0 0.0 .44619E+00
-2.4  2.0   -1.0   0.0 0.0 .17201E+01
-2.4  2.5   -1.0   0.0 0.0 .31029E+01
2.4  0.5   -1.0   0.0 0.0 .11946E+00
2.4  1.0   -1.0   0.0 0.0 .16327E+00
2.4  2.0   -1.0   0.0 0.0 .59492E+00
2.4  2.5   -1.0   0.0 0.0 .11725E+01
5.  0.5   -1.0   0.0 0.0 .81424E-01
5.  1.0   -1.0   0.0 0.0 .88402E-01
5.  2.0   -1.0   0.0 0.0 .29918E+00
5.  2.5   -1.0   0.0 0.0 .61651E+00
7.5  0.5   -1.0   0.0 0.0 .57663E-01
7.5  1.0   -1.0   0.0 0.0 .68227E-01
7.5  2.0   -1.0   0.0 0.0 .22227E+00
7.5  2.5   -1.0   0.0 0.0 .40695E+00
10.0  0.5   -1.0   0.0 0.0 .46788E-01
10.0  1.0   -1.0   0.0 0.0 .99257E-01
10.0  2.0   -1.0   0.0 0.0 .34916E+00
10.0  2.5   -1.0   0.0 0.0 .51553E+00
12.5  0.5   -1.0   0.0 0.0 .48593E-01
12.5  1.0   -1.0   0.0 0.0 .18106E+00
12.5  2.0   -1.0   0.0 0.0 .68049E+00
12.5  2.5   -1.0   0.0 0.0 .94283E+00
15.0  0.5   -1.0   0.0 0.0 .63111E-01
15.0  1.0   -1.0   0.0 0.0 .31383E+00
15.0  2.0   -1.0   0.0 0.0 .12147E+01
15.0  2.5   -1.0   0.0 0.0 .16903E+01
-15.0  0.5   -0.5   0.0 0.0 .46425E+00
-15.0  1.0   -0.5   0.0 0.0 .16265E+01
-15.0  1.5   -0.5   0.0 0.0 .38027E+01
-15.0  2.5   -0.5   0.0 0.0 .12542E+02
-12.5  0.5   -0.5   0.0 0.0 .36371E+00
-12.5  1.0   -0.5   0.0 0.0 .12483E+01
-12.5  1.5   -0.5   0.0 0.0 .29345E+01
-12.5  2.5   -0.5   0.0 0.0 .99175E+01
-10.0  0.5   -0.5   0.0 0.0 .27541E+00
-10.0  1.0   -0.5   0.0 0.0 .92124E+00
-10.0  1.5   -0.5   0.0 0.0 .21807E+01
-10.0  2.5   -0.5   0.0 0.0 .76038E+01
-7.5  0.5   -0.5   0.0 0.0 .20007E+00
-7.5  1.0   -0.5   0.0 0.0 .64469E+00
-7.5  1.5   -0.5   0.0 0.0 .15404E+01
-7.5  2.5   -0.5   0.0 0.0 .56051E+01
-5  0.5   -0.5   0.0 0.0 .13746E+00
-5  1.0   -0.5   0.0 0.0 .41892E+00
-5  1.5   -0.5   0.0 0.0 .10163E+01
-5  2.5   -0.5   0.0 0.0 .39288E+01
-2.4  0.5   -0.5   0.0 0.0 .85746E-01
-2.4  1.0   -0.5   0.0 0.0 .23854E+00
-2.4  1.5   -0.5   0.0 0.0 .59286E+00
-2.4  2.5   -0.5   0.0 0.0 .25190E+01
2.4  0.5   -0.5   0.0 0.0 .26687E-01
2.4  1.0   -0.5   0.0 0.0 .50525E-01
2.4  1.5   -0.5   0.0 0.0 .13547E+00
2.4  2.5   -0.5   0.0 0.0 .82508E+00
5.  0.5   -0.5   0.0 0.0 .14262E-01
5.  1.0   -0.5   0.0 0.0 .27004E-01
5.  1.5   -0.5   0.0 0.0 .64393E-01
5.  2.5   -0.5   0.0 0.0 .39795E+00
7.5  0.5   -0.5   0.0 0.0 .15300E-01
7.5  1.0   -0.5   0.0 0.0 .56403E-01
7.5  1.5   -0.5   0.0 0.0 .11294E+00
7.5  2.5   -0.5   0.0 0.0 .31189E+00
10.0  0.5   -0.5   0.0 0.0 .29104E-01
10.0  1.0   -0.5   0.0 0.0 .13672E+00
10.0  1.5   -0.5   0.0 0.0 .27628E+00
10.0  2.5   -0.5   0.0 0.0 .54369E+00
12.5  0.5   -0.5   0.0 0.0 .55612E-01
12.5  1.0   -0.5   0.0 0.0 .26806E+00
12.5  1.5   -0.5   0.0 0.0 .55428E+00
12.5  2.5   -0.5   0.0 0.0 .10950E+01
15.0  0.5   -0.5   0.0 0.0 .94862E-01
15.0  1.0   -0.5   0.0 0.0 .45044E+00
15.0  1.5   -0.5   0.0 0.0 .94682E+00
15.0  2.5   -0.5   0.0 0.0 .19643E+01
-15.0  0.5   0.5   0.0 0.0 .13861E+00
-15.0  1.0   0.5   0.0 0.0 .91674E+00
-15.0  1.5   0.5   0.0 0.0 .26494E+01
-15.0  2.0   0.5   0.0 0.0 .56686E+01
-12.5  0.5   0.5   0.0 0.0 .87220E-01
-12.5  1.0   0.5   0.0 0.0 .63731E+00
-12.5  1.5   0.5   0.0 0.0 .19310E+01
-12.5  2.0   0.5   0.0 0.0 .42600E+01
-10.0  0.5   0.5   0.0 0.0 .48544E-01
-10.0  1.0   0.5   0.0 0.0 .40848E+00
-10.0  1.5   0.5   0.0 0.0 .13259E+01
-10.0  2.0   0.5   0.0 0.0 .30522E+01
-7.5  0.5   0.5   0.0 0.0 .22608E-01
-7.5  1.0   0.5   0.0 0.0 .23130E+00
-7.5  1.5   0.5   0.0 0.0 .83426E+00
-7.5  2.0   0.5   0.0 0.0 .20486E+01
-5  0.5   0.5   0.0 0.0 .94171E-02
-5  1.0   0.5   0.0 0.0 .10478E+00
-5  1.5   0.5   0.0 0.0 .45789E+00
-5  2.0   0.5   0.0 0.0 .12497E+01
-2.4  0.5   0.5   0.0 0.0 .92271E-02
-2.4  1.0   0.5   0.0 0.0 .27270E-01
-2.4  1.5   0.5   0.0 0.0 .18819E+00
-2.4  2.0   0.5   0.0 0.0 .63465E+00
2.4  0.5   0.5   0.0 0.0 .45039E-01
2.4  1.0   0.5   0.0 0.0 .28997E-01
2.4  1.5   0.5   0.0 0.0 .15851E-01
2.4  2.0   0.5   0.0 0.0 .78960E-01
5.  0.5   0.5   0.0 0.0 .84122E-01
5.  1.0   0.5   0.0 0.0 .10838E+00
5.  1.5   0.5   0.0 0.0 .99057E-01
5.  2.0   0.5   0.0 0.0 .91540E-01
7.5  0.5   0.5   0.0 0.0 .13449E+00
7.5  1.0   0.5   0.0 0.0 .23675E+00
7.5  1.5   0.5   0.0 0.0 .29609E+00
7.5  2.0   0.5   0.0 0.0 .31153E+00
10.0  0.5   0.5   0.0 0.0 .19787E+00
10.0  1.0   0.5   0.0 0.0 .41611E+00
10.0  1.5   0.5   0.0 0.0 .60773E+00
10.0  2.0   0.5   0.0 0.0 .73544E+00
12.5  0.5   0.5   0.0 0.0 .27379E+00
12.5  1.0   0.5   0.0 0.0 .64630E+00
12.5  1.5   0.5   0.0 0.0 .10342E+01
12.5  2.0   0.5   0.0 0.0 .13636E+01
15.0  0.5   0.5   0.0 0.0 .36256E+00
15.0  1.0   0.5   0.0 0.0 .92753E+00
15.0  1.5   0.5   0.0 0.0 .15745E+01
15.0  2.0   0.5   0.0 0.0 .21952E+01
-15.0  0.5   1.0   0.0 0.0 .77754E-01
-15.0  1.0   1.0   0.0 0.0 .66351E+00
-15.0  1.5   1.0   0.0 0.0 .21772E+01
-15.0  2.0   1.0   0.0 0.0 .49461E+01
-15.0  2.5   1.0   0.0 0.0 .93352E+01
-12.5  0.5   1.0   0.0 0.0 .51041E-01
-12.5  1.0   1.0   0.0 0.0 .43380E+00
-12.5  1.5   1.0   0.0 0.0 .15312E+01
-12.5  2.0   1.0   0.0 0.0 .36324E+01
-12.5  2.5   1.0   0.0 0.0 .70716E+01
-10.0  0.5   1.0   0.0 0.0 .37131E-01
-10.0  1.0   1.0   0.0 0.0 .25474E+00
-10.0  1.5   1.0   0.0 0.0 .10002E+01
-10.0  2.0   1.0   0.0 0.0 .25237E+01
-10.0  2.5   1.0   0.0 0.0 .51290E+01
-7.5  0.5   1.0   0.0 0.0 .35897E-01
-7.5  1.0   1.0   0.0 0.0 .12665E+00
-7.5  1.5   1.0   0.0 0.0 .58263E+00
-7.5  2.0   1.0   0.0 0.0 .16209E+01
-7.5  2.5   1.0   0.0 0.0 .35017E+01
-5  0.5   1.0   0.0 0.0 .47453E-01
-5  1.0   1.0   0.0 0.0 .49699E-01
-5  1.5   1.0   0.0 0.0 .28046E+00
-5  2.0   1.0   0.0 0.0 .92130E+00
-5  2.5   1.0   0.0 0.0 .21967E+01
-2.4  0.5   1.0   0.0 0.0 .72927E-01
-2.4  1.0   1.0   0.0 0.0 .23586E-01
-2.4  1.5   1.0   0.0 0.0 .87858E-01
-2.4  2.0   1.0   0.0 0.0 .40902E+00
-2.4  2.5   1.0   0.0 0.0 .11736E+01
2.4  0.5   1.0   0.0 0.0 .15623E+00
2.4  1.0   1.0   0.0 0.0 .12026E+00
2.4  1.5   1.0   0.0 0.0 .58125E-01
2.4  2.0   1.0   0.0 0.0 .43054E-01
2.4  2.5   1.0   0.0 0.0 .19166E+00
5.  0.5   1.0   0.0 0.0 .22110E+00
5.  1.0   1.0   0.0 0.0 .25107E+00
5.  1.5   1.0   0.0 0.0 .21842E+00
5.  2.0   1.0   0.0 0.0 .15850E+00
5.  2.5   1.0   0.0 0.0 .14998E+00
7.5  0.5   1.0   0.0 0.0 .29624E+00
7.5  1.0   1.0   0.0 0.0 .42876E+00
7.5  1.5   1.0   0.0 0.0 .48955E+00
7.5  2.0   1.0   0.0 0.0 .47746E+00
7.5  2.5   1.0   0.0 0.0 .43483E+00
10.0  0.5   1.0   0.0 0.0 .38441E+00
10.0  1.0   1.0   0.0 0.0 .65726E+00
10.0  1.5   1.0   0.0 0.0 .87546E+00
10.0  2.0   1.0   0.0 0.0 .10000E+01
10.0  2.5   1.0   0.0 0.0 .10383E+01
12.5  0.5   1.0   0.0 0.0 .48495E+00
12.5  1.0   1.0   0.0 0.0 .93748E+00
12.5  1.5   1.0   0.0 0.0 .13761E+01
12.5  2.0   1.0   0.0 0.0 .17281E+01
12.5  2.5   1.0   0.0 0.0 .19611E+01
15.0  0.5   1.0   0.0 0.0 .59827E+00
15.0  1.0   1.0   0.0 0.0 .12672E+01
15.0  1.5   1.0   0.0 0.0 .19897E+01
15.0  2.0   1.0   0.0 0.0 .26567E+01
15.0  2.5   1.0   0.0 0.0 .31998E+01
-15.0  0.5   2.0   0.0 0.0 .16005E+00
-15.0  1.0   2.0   0.0 0.0 .36201E+00
-15.0  1.5   2.0   0.0 0.0 .14323E+01
-15.0  2.0   2.0   0.0 0.0 .37010E+01
-15.0  2.5   2.0   0.0 0.0 .75325E+01
-12.5  0.5   2.0   0.0 0.0 .18276E+00
-12.5  1.0   2.0   0.0 0.0 .23083E+00
-12.5  1.5   2.0   0.0 0.0 .93479E+00
-12.5  2.0   2.0   0.0 0.0 .25853E+01
-12.5  2.5   2.0   0.0 0.0 .55189E+01
-10.0  0.5   2.0   0.0 0.0 .21825E+00
-10.0  1.0   2.0   0.0 0.0 .15074E+00
-10.0  1.5   2.0   0.0 0.0 .55176E+00
-10.0  2.0   2.0   0.0 0.0 .16745E+01
-10.0  2.5   2.0   0.0 0.0 .38213E+01
-7.5  0.5   2.0   0.0 0.0 .26658E+00
-7.5  1.0   2.0   0.0 0.0 .12164E+00
-7.5  1.5   2.0   0.0 0.0 .28377E+00
-7.5  2.0   2.0   0.0 0.0 .97016E+00
-7.5  2.5   2.0   0.0 0.0 .24407E+01
-5  0.5   2.0   0.0 0.0 .32738E+00
-5  1.0   2.0   0.0 0.0 .14365E+00
-5  1.5   2.0   0.0 0.0 .12984E+00
-5  2.0   2.0   0.0 0.0 .46771E+00
-5  2.5   2.0   0.0 0.0 .13809E+01
-2.4  0.5   2.0   0.0 0.0 .40448E+00
-2.4  1.0   2.0   0.0 0.0 .22026E+00
-2.4  1.5   2.0   0.0 0.0 .91546E-01
-2.4  2.0   2.0   0.0 0.0 .16153E+00
-2.4  2.5   2.0   0.0 0.0 .61596E+00
2.4  0.5   2.0   0.0 0.0 .58305E+00
2.4  1.0   2.0   0.0 0.0 .50713E+00
2.4  1.5   2.0   0.0 0.0 .34640E+00
2.4  2.0   2.0   0.0 0.0 .17527E+00
2.4  2.5   2.0   0.0 0.0 .10926E+00
5.  0.5   2.0   0.0 0.0 .69913E+00
5.  1.0   2.0   0.0 0.0 .74001E+00
5.  1.5   2.0   0.0 0.0 .66131E+00
5.  2.0   2.0   0.0 0.0 .49621E+00
5.  2.5   2.0   0.0 0.0 .32494E+00
7.5  0.5   2.0   0.0 0.0 .82344E+00
7.5  1.0   2.0   0.0 0.0 .10169E+01
7.5  1.5   2.0   0.0 0.0 .10808E+01
7.5  2.0   2.0   0.0 0.0 .10136E+01
7.5  2.5   2.0   0.0 0.0 .85691E+00
10.0  0.5   2.0   0.0 0.0 .96166E+00
10.0  1.0   2.0   0.0 0.0 .13446E+01
10.0  1.5   2.0   0.0 0.0 .16149E+01
10.0  2.0   2.0   0.0 0.0 .17334E+01
10.0  2.5   2.0   0.0 0.0 .17079E+01
12.5  0.5   2.0   0.0 0.0 .11114E+01
12.5  1.0   2.0   0.0 0.0 .17238E+01
12.5  1.5   2.0   0.0 0.0 .22654E+01
12.5  2.0   2.0   0.0 0.0 .26588E+01
12.5  2.5   2.0   0.0 0.0 .28757E+01
15.0  0.5   2.0   0.0 0.0 .12733E+01
15.0  1.0   2.0   0.0 0.0 .21533E+01
15.0  1.5   2.0   0.0 0.0 .30265E+01
15.0  2.0   2.0   0.0 0.0 .37871E+01
15.0  2.5   2.0   0.0 0.0 .43633E+01
-15 0.5 -4 -0.141 0.316  0.38629E+01 
10 1. 2 -0.154 -0.139  0.13324E+01
-15 1.75 1 -0.226 -0.108  0.30274E+01
-5. 1.25 5 0.089 -0.41  0.19158E+01
-1 2.25 -2 -1. 0.435  0.30993E+01
5. 2. 0 -0.0612 0.045  0.96164E-01
5. 0.75 -3 0.117 0.256  0.11074E+01
-10 1. -3 -0.227 0.235  0.34118E+01
2.4 1.5 4 -0.474 -0.306  0.18715E+01
1. 1.25 -1 0.488 0.0948  0.32481E+00
15 1.25 4 -0.202 -0.284  0.53177E+01
-1 0.75 3 0.694 -0.243  0.10494E+01
-10 2.25 3 -0.278 -0.252  0.15688E+01
-2.4 0.5 -1 -0.205 0.0815  0.23510E+00
1. 2.5 3 0.14 -0.199  0.23050E+00
10 2.25 5 -0.303 -0.335  0.54974E+01
-2.4 1.75 2 -0.224 -0.151  0.99731E-01
1. 1. 0 0.0971 -0.718  0.13663E-01
1. 1. 0 0.0971 0.735  0.34933E-01
-15 0.5 -3 -0.121 0.234  0.25188E+01
-5. 1.5 -3 -0.449 0.248  0.36513E+01
5. 0.75 -2 0.0572 0.174  0.45310E+00
-15 1.75 2 -0.206 -0.19  0.20878E+01
2.4 1.5 5 -0.599 -0.388  0.30610E+01
1. 2.5 4 -0.16 -0.281  0.60741E+00
1. 1.25 0 0.188 0.0128  0.40154E-01
10 2.5 -3 -0.0662 0.333  0.12239E+01
-1 2.25 -1 -1. 0.276  0.18882E+01
-10 2.25 4 -0.248 -0.334  0.11229E+01
5. 2. 1 -0.121 -0.0369  0.15147E+00
10 1. 3 -0.184 -0.221  0.23321E+01
1. 1. 0 0.0971 -0.505  0.11682E-01
-2.4 0.5 0 -0.08 -0.000452  0.12532E-01
-2.4 1.75 3 -0.0987 -0.233  0.30533E+00
15 1.5 -5 -0.0416 0.465  0.17430E+01
-1 0.75 4 0.994 -0.325  0.19792E+01
-10 1. -2 -0.197 0.153  0.21740E+01
1. 1. 0 0.0971 0.522  0.26690E-01
5. 0.75 -1 -0.0028 0.0925  0.91061E-01
-15 0.5 -2 -0.101 0.152  0.14668E+01
-5. 1.5 -2 -0.389 0.166  0.23603E+01
-15 1.75 3 -0.186 -0.272  0.14424E+01
1. 2.5 5 -0.46 -0.363  0.12766E+01
1. 1. 0 -0.97 0.00858  0.21192E-01
2.4 1.75 -3 0.444 0.274  0.20262E+01
-1 2.25 0 -1. 0.117  0.99461E+00
10 2.5 -2 -0.0962 0.251  0.70914E+00
-2.4 1.75 4 0.0263 -0.315  0.80358E+00
-1 1. -4 -1. 0.469  0.31230E+01
1. 1.25 1 -0.112 -0.0691  0.48568E-01
10 1. 4 -0.214 -0.303  0.36233E+01
5. 2. 2 -0.181 -0.119  0.49970E+00
-10 1. -1 -0.167 0.0708  0.12283E+01
-2.4 0.5 1 0.0451 -0.0824  0.82953E-01
15 1.5 -4 -0.0616 0.383  0.10232E+01
-10 2.25 5 -0.218 -0.416  0.96934E+00
1. 1. 0 0.0971 -0.355  0.11341E-01
-15 0.5 -1 -0.0814 0.0702  0.70736E+00
5. 0.75 0 -0.0628 0.0105  0.22117E-01
-5. 1.5 -1 -0.329 0.0838  0.13630E+01
-15 1.75 4 -0.166 -0.354  0.10904E+01
1. 1. 0 0.0971 0.372  0.21968E-01
1. 2.5 6 -0.76 -0.445  0.22401E+01
2.4 1.75 -2 0.319 0.192  0.10910E+01
-1 2.25 1 -1. -0.0421  0.41930E+00
10 2.5 -1 -0.126 0.169  0.48884E+00
-1 1. -3 -1. 0.31  0.18754E+01
1. 1.25 2 -0.412 -0.151  0.35002E+00
-2.4 1.75 5 0.151 -0.396  0.15943E+01
5. 2. 3 -0.241 -0.201  0.11410E+01
10 1.25 -4 0.0087 0.361  0.14469E+01
-2.4 0.5 2 0.17 -0.164  0.44619E+00
15 1.5 -3 -0.0816 0.301  0.59690E+00
-10 1. 0 -0.137 -0.0111  0.57688E+00
-10 2.25 6 -0.188 -0.498  0.11103E+01
1. 1. 0 -0.658 0.00858  0.18754E-01
5. 0.75 1 -0.123 -0.0714  0.24612E+00
-15 0.5 0 -0.0614 -0.0117  0.24177E+00
-5. 1.5 0 -0.269 0.00184  0.65836E+00
-15 1.75 5 -0.146 -0.436  0.10321E+01
2.4 0.5 -4 0.464 0.332  0.22798E+01
1. 1. 0 0.852 0.00858  0.11181E-01
2.4 1.75 -1 0.194 0.11  0.44864E+00
-1 2.25 2 -0.737 -0.134  0.16622E+00
10 2.5 0 -0.156 0.0872  0.56192E+00
-2.4 1.75 6 0.276 -0.478  0.26797E+01
15 1.5 -2 -0.102 0.219  0.46324E+00
5. 2. 4 -0.301 -0.283  0.20749E+01
-2.4 0.5 3 0.295 -0.246  0.11029E+01
-10 2.25 7 -0.158 -0.58  0.15430E+01
10 1.25 -3 -0.0213 0.279  0.71746E+00
-1 1. -2 -0.929 0.169  0.95200E+00
1. 1.25 3 -0.713 -0.233  0.94440E+00
1. 1. 0 0.0971 -0.248  0.11629E-01
-10 1. 1 -0.107 -0.0931  0.21865E+00
5. 0.75 2 -0.183 -0.153  0.76257E+00
-5. 1.5 1 -0.209 -0.0801  0.24767E+00
-15 0.5 1 -0.0414 -0.0937  0.69380E-01
-15 1.75 6 -0.126 -0.518  0.12655E+01
1. 1. 0 0.0971 0.266  0.19161E-01
2.4 1.75 0 0.069 0.0283  0.99131E-01
2.4 0.5 -3 0.339 0.25  0.12700E+01
-1 2.25 3 -0.437 -0.216  0.20826E+00
10 2.5 1 -0.186 0.00522  0.92773E+00
-2.4 2. -2 -0.836 0.182  0.28005E+01
15 1.5 -1 -0.122 0.137  0.62333E+00
5. 2. 5 -0.361 -0.365  0.33005E+01
-2.4 0.5 4 0.42 -0.328  0.20508E+01
1. 1.25 4 -1. -0.318  0.18324E+01
-1 1. -1 -0.628 0.0869  0.35461E+00
1. 1. 0 -0.437 0.00858  0.17210E-01
-10 2.5 1 -0.392 -0.0843  0.46915E+01
10 1.25 -2 -0.0513 0.197  0.28072E+00
-10 1. 2 -0.0769 -0.175  0.15315E+00
5. 0.75 3 -0.243 -0.235  0.15727E+01
-15 1.75 7 -0.106 -0.6  0.17914E+01
-5. 1.5 2 -0.149 -0.162  0.12957E+00
-15 0.5 2 -0.0214 -0.176  0.18970E+00
1. 1. 0 0.631 0.00858  0.11860E-01
2.4 0.5 -2 0.214 0.168  0.55439E+00
2.4 1.75 1 -0.056 -0.0536  0.42485E-01
-1 2.25 4 -0.137 -0.297  0.54292E+00
10 2.5 2 -0.216 -0.0767  0.15860E+01
1. 1.25 5 -1. -0.477  0.30689E+01
15 1.5 0 -0.142 0.0555  0.10759E+01
-2.4 2. -1 -0.711 0.1  0.17011E+01
5. 2.25 -3 0.135 0.3  0.19868E+01
1. 1. 0 0.0971 -0.173  0.12092E-01
-2.4 0.75 -4 -0.637 0.328  0.29281E+01
-1 1. 0 -0.328 0.005  0.50550E-01
-10 1. 3 -0.0469 -0.257  0.38066E+00
-10 2.5 2 -0.362 -0.166  0.34222E+01
10 1.25 -1 -0.0813 0.115  0.13703E+00
5. 0.75 4 -0.303 -0.317  0.26753E+01
-5. 1.5 3 -0.0892 -0.244  0.30465E+00
-15 2. 0 -0.288 -0.0266  0.59407E+01
-15 0.5 3 -0.00136 -0.258  0.60297E+00
1. 1. 0 0.0971 0.19  0.17400E-01
2.4 0.5 -1 0.0894 0.0858  0.13154E+00
2.4 1.75 2 -0.181 -0.136  0.27884E+00
10 2.5 3 -0.246 -0.159  0.25379E+01
-1 2.25 5 0.163 -0.379  0.11709E+01
-1 1. 1 -0.0283 -0.0769  0.39238E-01
15 1.5 1 -0.162 -0.0264  0.18225E+01
-2.4 2. 0 -0.586 0.0186  0.89282E+00
1. 1.5 -3 1. 0.317  0.20707E+01
-2.4 0.75 -3 -0.512 0.246  0.17665E+01
5. 2.25 -2 0.0752 0.218  0.10850E+01
1. 1. 0 -0.28 0.00858  0.16225E-01
-10 1. 4 -0.0169 -0.339  0.90086E+00
-10 2.5 3 -0.332 -0.248  0.24469E+01
-5. 1.5 4 -0.0291 -0.326  0.77166E+00
5. 1. -4 0.167 0.344  0.20763E+01
10 1.25 0 -0.111 0.033  0.28658E+00
-15 0.5 4 0.0186 -0.339  0.13078E+01
-15 2. 1 -0.268 -0.109  0.44530E+01
2.4 0.5 0 -0.0357 0.00384  0.15986E-02
1. 1. 0 0.474 0.00858  0.12423E-01
10 2.5 4 -0.276 -0.241  0.37810E+01
2.4 1.75 3 -0.306 -0.218  0.80825E+00
-1 2.25 6 0.463 -0.461  0.20904E+01
-2.4 2. 1 -0.461 -0.0634  0.37726E+00
15 1.5 2 -0.182 -0.108  0.28593E+01
-1 1. 2 0.272 -0.159  0.32063E+00
-10 1. 5 0.0131 -0.421  0.17131E+01
5. 2.25 -1 0.0152 0.136  0.47641E+00
1. 1.5 -2 0.905 0.182  0.10978E+01
-2.4 0.75 -2 -0.387 0.164  0.89754E+00
-10 2.5 4 -0.302 -0.33  0.17619E+01
1. 1. 0 0.0971 -0.12  0.12547E-01
10 1.25 1 -0.141 -0.049  0.72857E+00
-15 0.5 5 0.0387 -0.421  0.23084E+01
-5. 1.5 5 0.0309 -0.408  0.15333E+01
5. 1. -3 0.107 0.262  0.11263E+01
-15 2. 2 -0.248 -0.19  0.32594E+01
2.4 0.5 1 -0.161 -0.0781  0.16445E+00
2.4 1.75 4 -0.431 -0.299  0.16291E+01
-1 2.5 -1 -1. 0.356  0.25645E+01
1. 1. 0 0.0971 0.137  0.16304E-01
10 2.5 5 -0.306 -0.323  0.53191E+01
-2.4 2. 2 -0.336 -0.145  0.15489E+00
15 1.5 3 -0.202 -0.19  0.41920E+01
1. 1.5 -1 0.605 0.0999  0.44823E+00
-2.4 0.75 -1 -0.262 0.0825  0.32212E+00
5. 2.25 0 -0.0449 0.0545  0.16057E+00
-1 1. 3 0.572 -0.241  0.89445E+00
-10 1.25 -3 -0.268 0.234  0.43195E+01
-10 2.5 5 -0.272 -0.412  0.13716E+01
10 1.25 2 -0.171 -0.131  0.14640E+01
1. 1. 0 -0.17 0.00858  0.15564E-01
-5. 1.5 6 0.0909 -0.49  0.25879E+01
-15 0.75 -3 -0.155 0.23  0.34071E+01
5. 1. -2 0.0469 0.18  0.46798E+00
-15 2. 3 -0.228 -0.272  0.23572E+01
2.4 0.5 2 -0.286 -0.16  0.62044E+00
15 0.5 -5 0.0457 0.425  0.25393E+01
2.4 1.75 5 -0.556 -0.381  0.27458E+01
-1 2.5 0 -1. 0.197  0.15021E+01
1. 1. 0 0.364 0.00858  0.12874E-01
-2.4 2. 3 -0.211 -0.227  0.22534E+00
1. 1.5 0 0.305 0.018  0.91897E-01
15 1.5 4 -0.222 -0.272  0.58169E+01
-10 1.25 -2 -0.238 0.152  0.29195E+01
-2.4 0.75 0 -0.137 0.000595  0.39374E-01
-10 2.5 6 -0.242 -0.494  0.12737E+01
5. 2.25 1 -0.105 -0.0274  0.13732E+00
-1 1. 4 0.872 -0.323  0.17627E+01
1. 1. 0 0.0971 -0.0823  0.12948E-01
10 1.25 3 -0.201 -0.213  0.24918E+01
-5. 1.75 -2 -0.453 0.169  0.30274E+01
5. 1. -1 -0.0131 0.0977  0.10198E+00
-15 0.75 -2 -0.135 0.148  0.21741E+01
-15 2. 4 -0.208 -0.354  0.17486E+01
2.4 0.5 3 -0.411 -0.242  0.13688E+01
15 0.5 -4 0.0257 0.343  0.14795E+01
2.4 2. -3 0.498 0.282  0.23852E+01
1. 1. 0 0.0971 0.0994  0.15605E-01
-1 2.5 1 -1. 0.0378  0.75782E+00
-2.4 2. 4 -0.0857 -0.309  0.58863E+00
1. 1.5 1 0.00502 -0.064  0.27975E-01
-10 2.5 7 -0.212 -0.576  0.14689E+01
-1 1. 5 1. -0.449  0.29531E+01
-10 1.25 -1 -0.208 0.0702  0.18114E+01
15 1.75 -5 -0.0589 0.477  0.17527E+01
-2.4 0.75 1 -0.0116 -0.0813  0.49386E-01
10 1.25 4 -0.231 -0.295  0.38119E+01
5. 2.25 2 -0.165 -0.109  0.40693E+00
1. 1. 0 -0.0916 0.00858  0.15099E-01
5. 1. 0 -0.0731 0.0157  0.29129E-01
-5. 1.75 -1 -0.393 0.0871  0.18865E+01
2.4 0.5 4 -0.536 -0.324  0.24104E+01
-15 0.75 -1 -0.115 0.0656  0.12352E+01
-15 2. 5 -0.188 -0.436  0.14343E+01
15 0.5 -3 0.00573 0.261  0.71309E+00
2.4 2. -2 0.373 0.2  0.13621E+01
-1 2.5 2 -1. -0.121  0.33112E+00
1. 1. 0 0.286 0.00858  0.13219E-01
-2.4 2. 5 0.0394 -0.391  0.12443E+01
1. 1.5 2 -0.295 -0.146  0.25701E+00
-10 1.25 0 -0.178 -0.0118  0.99812E+00
-10 2.5 8 -0.182 -0.658  0.19567E+01
-1 1.25 -3 -1. 0.351  0.21913E+01
10 1.5 -4 -0.00559 0.37  0.14561E+01
-2.4 0.75 2 0.113 -0.163  0.35219E+00
5. 2.25 3 -0.225 -0.191  0.97005E+00
15 1.75 -4 -0.079 0.396  0.10822E+01
1. 1. 0 0.0971 -0.0557  0.13243E-01
-5. 1.75 0 -0.333 0.00512  0.10362E+01
2.4 0.75 -4 0.463 0.335  0.23368E+01
-15 0.75 0 -0.0947 -0.0163  0.58748E+00
5. 1. 1 -0.133 -0.0662  0.24901E+00
-15 2. 6 -0.168 -0.518  0.14120E+01
15 0.5 -2 -0.0143 0.179  0.24072E+00
2.4 2. -1 0.248 0.118  0.63157E+00
-2.4 2. 6 0.164 -0.473  0.21954E+01
-1 2.5 3 -0.718 -0.208  0.22142E+00
1. 1. 0 0.0971 0.0728  0.15123E-01
1. 1.5 3 -0.595 -0.228  0.77913E+00
-2.4 0.75 3 0.239 -0.245  0.94837E+00
-1 1.25 -2 -1. 0.192  0.11747E+01
-5. 0.5 -4 -0.309 0.325  0.28838E+01
-10 1.25 1 -0.148 -0.0937  0.47586E+00
10 1.5 -3 -0.0356 0.288  0.74198E+00
5. 2.25 4 -0.285 -0.273  0.18250E+01
15 1.75 -3 -0.099 0.314  0.70429E+00
-5. 1.75 1 -0.273 -0.0768  0.48121E+00
2.4 0.75 -3 0.338 0.253  0.13133E+01
1. 1. 0 -0.0363 0.00858  0.14809E-01
-15 0.75 1 -0.0747 -0.0983  0.23320E+00
-15 2. 7 -0.148 -0.6  0.16809E+01
5. 1. 2 -0.193 -0.148  0.76188E+00
15 0.5 -1 -0.0343 0.0971  0.60630E-01
2.4 2. 0 0.123 0.0357  0.19318E+00
-1 2.5 4 -0.418 -0.29  0.40519E+00
-2.4 2.25 -2 -0.959 0.189  0.35474E+01
1. 1. 0 0.23 0.00858  0.13480E-01
1. 1.5 4 -0.895 -0.31  0.15939E+01
-5. 0.5 -3 -0.249 0.243  0.17324E+01
-2.4 0.75 4 0.364 -0.327  0.18364E+01
-1 1.25 -1 -0.777 0.0903  0.49206E+00
5. 2.25 5 -0.345 -0.355  0.29726E+01
-10 1.25 2 -0.118 -0.176  0.24710E+00
10 1.5 -2 -0.0656 0.206  0.31957E+00
-5. 1.75 2 -0.213 -0.159  0.21838E+00
15 1.75 -2 -0.119 0.232  0.61853E+00
2.4 0.75 -2 0.213 0.171  0.58406E+00
15 0.5 0 -0.0543 0.0151  0.17363E+00
5. 1. 3 -0.253 -0.23  0.15695E+01
-15 2.25 1 -0.312 -0.108  0.62616E+01
1. 1. 0 0.0971 -0.0368  0.13492E-01
-15 0.75 2 -0.0547 -0.18  0.17205E+00
-1 2.5 5 -0.118 -0.372  0.88265E+00
2.4 2. 1 -0.00184 -0.0462  0.48053E-01
-2.4 2.25 -1 -0.834 0.107  0.22991E+01
1. 1.5 5 -1. -0.442  0.27367E+01
-5. 0.5 -2 -0.189 0.161  0.87479E+00
-2.4 0.75 5 0.489 -0.409  0.30206E+01
1. 1. 0 0.0971 0.054  0.14811E-01
-1 1.25 0 -0.477 0.00837  0.11137E+00
5. 2.25 6 -0.405 -0.437  0.44195E+01
-10 1.25 3 -0.0878 -0.258  0.31171E+00
-5. 1.75 3 -0.153 -0.241  0.24819E+00
10 1.5 -1 -0.0956 0.124  0.19046E+00
15 1.75 -1 -0.139 0.15  0.82703E+00
2.4 0.75 -1 0.0881 0.089  0.14650E+00
-15 0.75 3 -0.0347 -0.262  0.40339E+00
15 0.5 1 -0.0743 -0.0668  0.57932E+00
5. 1. 4 -0.313 -0.312  0.26658E+01
-15 2.25 2 -0.292 -0.19  0.47932E+01
-1 2.5 6 0.182 -0.454  0.16510E+01
1. 1. 0 0.00273 0.00858  0.14606E-01
2.4 2. 2 -0.127 -0.128  0.19573E+00
-2.4 2.25 0 -0.709 0.0247  0.13392E+01
1. 1.75 -3 1. 0.359  0.24466E+01
-5. 0.5 -1 -0.128 0.0792  0.30867E+00
-1 1.25 1 -0.177 -0.0736  0.23293E-01
-10 1.25 4 -0.0578 -0.34  0.66822E+00
-2.4 1. -4 -0.704 0.33  0.32823E+01
5. 2.5 -2 0.0968 0.229  0.13799E+01
1. 1. 0 0.191 0.00858  0.13656E-01
-5. 1.75 4 -0.0926 -0.323  0.57130E+00
10 1.5 0 -0.126 0.0421  0.35373E+00
2.4 0.75 0 -0.0369 0.00704  0.24879E-02
-15 0.75 4 -0.0147 -0.344  0.92772E+00
15 0.5 2 -0.0943 -0.149  0.12781E+01
15 1.75 0 -0.159 0.0678  0.13266E+01
5. 1.25 -4 0.162 0.35  0.21589E+01
-15 2.25 3 -0.272 -0.272  0.36205E+01
-1 2.5 7 0.482 -0.536  0.27135E+01
1. 1. 0 0.0971 -0.0235  0.13655E-01
2.4 2. 3 -0.252 -0.21  0.63648E+00
-2.4 2.25 1 -0.584 -0.0573  0.67407E+00
1. 1.75 -2 1. 0.2  0.13691E+01
-1 1.25 2 0.123 -0.156  0.22819E+00
-10 1.25 5 -0.0278 -0.421  0.13181E+01
-5. 0.5 0 -0.0685 -0.00278  0.36046E-01
-2.4 1. -3 -0.579 0.248  0.20475E+01
5. 2.5 -1 0.0368 0.147  0.67806E+00
-5. 1.75 5 -0.0326 -0.405  0.11874E+01
-15 0.75 5 0.00531 -0.426  0.17460E+01
2.4 0.75 1 -0.162 -0.0749  0.15131E+00
10 1.5 1 -0.156 -0.0398  0.81029E+00
15 0.5 3 -0.114 -0.231  0.22702E+01
5. 1.25 -3 0.102 0.268  0.11891E+01
15 1.75 1 -0.179 -0.0142  0.21203E+01
1. 0.5 -4 1. 0.381  0.24167E+01
-15 2.25 4 -0.252 -0.354  0.27440E+01
2.4 2. 4 -0.377 -0.292  0.13699E+01
-2.4 2.25 2 -0.459 -0.139  0.30201E+00
1. 1.75 -1 0.749 0.106  0.62603E+00
-1 1.25 3 0.423 -0.237  0.72549E+00
-10 1.25 6 0.00224 -0.503  0.22623E+01
-5. 0.5 1 -0.00845 -0.0847  0.56304E-01
5. 2.5 0 -0.0233 0.0648  0.26864E+00
-5. 1.75 6 0.0274 -0.487  0.20951E+01
-2.4 1. -2 -0.454 0.166  0.11027E+01
-15 1. -3 -0.19 0.226  0.45399E+01
5. 1.25 -2 0.0419 0.186  0.51147E+00
15 0.5 4 -0.134 -0.313  0.35575E+01
10 1.5 2 -0.186 -0.122  0.15602E+01
2.4 0.75 2 -0.287 -0.157  0.59358E+00
1. 0.5 -3 0.896 0.248  0.13513E+01
15 1.75 2 -0.199 -0.0961  0.32084E+01
-15 2.25 5 -0.232 -0.436  0.21548E+01
2.4 2. 5 -0.502 -0.374  0.23980E+01
-2.4 2.25 3 -0.334 -0.221  0.22275E+00
-1 1.25 4 0.723 -0.319  0.15180E+01
1. 1.75 0 0.449 0.0239  0.18255E+00
-5. 0.5 2 0.0516 -0.167  0.36965E+00
-10 1.5 -2 -0.281 0.152  0.38663E+01
-2.4 1. -1 -0.329 0.0844  0.45201E+00
5. 2.5 1 -0.0833 -0.0172  0.15220E+00
-5. 2. -2 -0.522 0.173  0.38630E+01
-15 1. -2 -0.17 0.144  0.31061E+01
15 0.75 -5 0.0213 0.434  0.21850E+01
5. 1.25 -1 -0.0181 0.104  0.12678E+00
1. 0.5 -2 0.596 0.166  0.60695E+00
2.4 0.75 3 -0.412 -0.239  0.13274E+01
10 1.5 3 -0.216 -0.204  0.26041E+01
-15 2.25 6 -0.212 -0.518  0.18617E+01
15 1.75 3 -0.219 -0.178  0.45872E+01
2.4 2. 6 -0.627 -0.456  0.37148E+01
-2.4 2.25 4 -0.209 -0.303  0.43607E+00
-1 1.25 5 1. -0.407  0.26033E+01
-5. 0.5 3 0.112 -0.249  0.97558E+00
1. 1.75 1 0.149 -0.058  0.31326E-01
-10 1.5 -1 -0.251 0.0704  0.25768E+01
-2.4 1. 0 -0.204 0.00249  0.93476E-01
5. 2.5 2 -0.143 -0.0991  0.32853E+00
-5. 2. -1 -0.462 0.0912  0.25617E+01
15 0.75 -4 0.00126 0.352  0.12343E+01
-15 1. -1 -0.15 0.0619  0.19695E+01
1. 0.5 -1 0.295 0.0845  0.15747E+00
10 1.5 4 -0.246 -0.286  0.39384E+01
-15 2.25 7 -0.192 -0.6  0.18614E+01
5. 1.25 0 -0.0781 0.0218  0.35097E-01
2.4 0.75 4 -0.537 -0.321  0.23549E+01
15 1.75 4 -0.239 -0.26  0.62587E+01
-2.4 2.25 5 -0.0837 -0.385  0.94328E+00
2.4 2.25 -2 0.439 0.208  0.17206E+01
-1 1.5 -3 -1. 0.4  0.26047E+01
1. 1.75 2 -0.151 -0.14  0.17316E+00
-5. 0.5 4 0.172 -0.331  0.18752E+01
-2.4 1. 1 -0.0793 -0.0795  0.28206E-01
-10 1.5 0 -0.221 -0.0116  0.15837E+01
5. 2.5 3 -0.203 -0.181  0.79804E+00
-5. 2. 0 -0.402 0.00924  0.15531E+01
-15 1. 0 -0.13 -0.0201  0.11254E+01
1. 0.5 0 -0.00465 0.00259  0.42986E-03
15 0.75 -3 -0.0188 0.27  0.57507E+00
10 1.75 -4 -0.0172 0.38  0.15185E+01
2.4 1. -4 0.473 0.339  0.24560E+01
-15 2.25 8 -0.172 -0.682  0.21538E+01
5. 1.25 1 -0.138 -0.0602  0.23633E+00
15 2. -5 -0.0746 0.491  0.18299E+01
-2.4 2.25 6 0.0413 -0.467  0.17431E+01
2.4 2.25 -1 0.314 0.126  0.88546E+00
-1 1.5 -2 -1. 0.241  0.14846E+01
1. 1.75 3 -0.451 -0.222  0.60773E+00
-5. 0.75 -4 -0.351 0.325  0.32878E+01
-2.4 1. 2 0.0458 -0.161  0.25594E+00
-10 1.5 1 -0.191 -0.0935  0.88372E+00
5. 2.5 4 -0.263 -0.263  0.15602E+01
-5. 2. 1 -0.341 -0.0727  0.83720E+00
-15 1. 1 -0.11 -0.102  0.57398E+00
15 0.75 -2 -0.0388 0.188  0.20937E+00
1. 0.5 1 -0.305 -0.0794  0.13643E+00
10 1.75 -3 -0.0472 0.298  0.80321E+00
2.4 1. -3 0.348 0.257  0.14044E+01
5. 1.25 2 -0.198 -0.142  0.73055E+00
-15 2.5 2 -0.338 -0.189  0.67373E+01
15 2. -4 -0.0946 0.409  0.11923E+01
-2.4 2.25 7 0.166 -0.549  0.28344E+01
2.4 2.25 0 0.188 0.044  0.34328E+00
-1 1.5 -1 -0.952 0.0945  0.68741E+00
1. 1.75 4 -0.751 -0.304  0.13361E+01
-2.4 1. 3 0.171 -0.243  0.77662E+00
-5. 0.75 -3 -0.291 0.243  0.20524E+01
5. 2.5 5 -0.323 -0.345  0.26160E+01
-10 1.5 2 -0.161 -0.175  0.47630E+00
-5. 2. 2 -0.281 -0.155  0.41478E+00
-15 1. 2 -0.0898 -0.184  0.31647E+00
10 1.75 -2 -0.0772 0.216  0.37992E+00
15 0.75 -1 -0.0588 0.106  0.13691E+00
1. 0.5 2 -0.605 -0.161  0.56522E+00
2.4 1. -2 0.223 0.175  0.64536E+00
5. 1.25 3 -0.258 -0.224  0.15186E+01
-15 2.5 3 -0.318 -0.271  0.52849E+01
15 2. -3 -0.115 0.327  0.84577E+00
-2.4 2.5 -1 -0.968 0.114  0.30597E+01
2.4 2.25 1 0.0634 -0.0379  0.94734E-01
-1 1.5 0 -0.652 0.0126  0.21500E+00
1. 1.75 5 -1. -0.399  0.23646E+01
-2.4 1. 4 0.296 -0.325  0.15901E+01
-5. 0.75 -2 -0.231 0.161  0.11088E+01
5. 2.5 6 -0.383 -0.427  0.39661E+01
-10 1.5 3 -0.131 -0.257  0.36240E+00
-5. 2. 3 -0.221 -0.237  0.28445E+00
-15 1. 3 -0.0698 -0.266  0.35122E+00
15 0.75 0 -0.0788 0.024  0.35695E+00
2.4 1. -1 0.098 0.093  0.17904E+00
1. 0.5 3 -0.905 -0.243  0.12868E+01
10 1.75 -1 -0.107 0.134  0.25068E+00
5. 1.25 4 -0.318 -0.306  0.25962E+01
-15 2.5 4 -0.298 -0.352  0.41142E+01
2.4 2.25 2 -0.0616 -0.12  0.13878E+00
15 2. -2 -0.135 0.245  0.79374E+00
-2.4 2.5 0 -0.843 0.0317  0.19344E+01
-1 1.5 1 -0.352 -0.0694  0.35263E-01
1. 2. -3 1. 0.41  0.29340E+01
-5. 0.75 -1 -0.171 0.079  0.45694E+00
-2.4 1. 5 0.421 -0.407  0.26953E+01
10 0.5 -4 0.0675 0.338  0.17611E+01
-10 1.5 4 -0.101 -0.339  0.54083E+00
-5. 2. 4 -0.161 -0.319  0.44771E+00
-15 1. 4 -0.0498 -0.348  0.67928E+00
2.4 1. 0 -0.027 0.0111  0.60398E-02
15 0.75 1 -0.0988 -0.058  0.87036E+00
1. 0.5 4 -1. -0.378  0.23349E+01
5. 1.5 -4 0.162 0.356  0.23027E+01
10 1.75 0 -0.137 0.0521  0.41371E+00
2.4 2.25 3 -0.187 -0.202  0.47603E+00
-15 2.5 5 -0.278 -0.434  0.32441E+01
15 2. -1 -0.155 0.163  0.10331E+01
-2.4 2.5 1 -0.718 -0.0503  0.11053E+01
-1 1.5 2 -0.0519 -0.151  0.14860E+00
1. 2. -2 1. 0.251  0.17414E+01
-10 1.5 5 -0.0713 -0.421  0.10126E+01
10 0.5 -3 0.0375 0.256  0.89953E+00
-2.4 1.25 -3 -0.658 0.251  0.24128E+01
-5. 2. 5 -0.101 -0.4  0.90282E+00
-5. 0.75 0 -0.111 -0.0029  0.98931E-01
-15 1. 5 -0.0298 -0.43  0.12990E+01
2.4 1. 1 -0.152 -0.0709  0.12586E+00
15 0.75 2 -0.119 -0.14  0.16771E+01
1. 0.75 -4 1. 0.393  0.25368E+01
5. 1.5 -3 0.102 0.275  0.12993E+01
2.4 2.25 4 -0.312 -0.284  0.11059E+01
10 1.75 1 -0.167 -0.0298  0.87009E+00
-15 2.5 6 -0.258 -0.516  0.26664E+01
-2.4 2.5 2 -0.593 -0.132  0.56814E+00
15 2. 0 -0.175 0.0808  0.15673E+01
-1 1.5 3 0.248 -0.233  0.55492E+00
1. 2. -1 0.92 0.113  0.87350E+00
-10 1.5 6 -0.0413 -0.503  0.17768E+01
10 0.5 -2 0.00751 0.175  0.33053E+00
-5. 2. 6 -0.0414 -0.482  0.16533E+01
-2.4 1.25 -2 -0.533 0.169  0.13782E+01
-5. 0.75 1 -0.0507 -0.0848  0.33820E-01
-15 1. 6 -0.0098 -0.512  0.22157E+01
2.4 1. 2 -0.277 -0.153  0.53876E+00
15 0.75 3 -0.139 -0.222  0.27762E+01
5. 1.5 -2 0.0423 0.193  0.58807E+00
1. 0.75 -3 0.933 0.251  0.14370E+01
2.4 2.25 5 -0.437 -0.366  0.20298E+01
10 1.75 2 -0.197 -0.112  0.16202E+01
-15 2.5 7 -0.238 -0.598  0.23809E+01
-2.4 2.5 3 -0.468 -0.214  0.32403E+00
-1 1.5 4 0.548 -0.315  0.12547E+01
15 2. 1 -0.195 -0.00109  0.23947E+01
1. 2. 0 0.62 0.0307  0.32779E+00
-10 1.75 -2 -0.328 0.153  0.50336E+01
10 0.5 -1 -0.0225 0.0926  0.54072E-01
-5. 0.75 2 0.00936 -0.167  0.26180E+00
-5. 2.25 -1 -0.536 0.0962  0.34195E+01
-2.4 1.25 -1 -0.408 0.0872  0.63703E+00
-15 1.25 -2 -0.207 0.141  0.42950E+01
2.4 1. 3 -0.402 -0.235  0.12448E+01
15 0.75 4 -0.159 -0.304  0.41688E+01
5. 1.5 -1 -0.0178 0.111  0.16922E+00
1. 0.75 -2 0.633 0.169  0.66615E+00
2.4 2.25 6 -0.562 -0.448  0.32463E+01
10 1.75 3 -0.227 -0.194  0.26630E+01
-2.4 2.5 4 -0.343 -0.296  0.37307E+00
-15 2.5 8 -0.218 -0.68  0.23844E+01
-1 1.5 5 0.848 -0.397  0.22483E+01
1. 2. 1 0.319 -0.0512  0.74408E-01
15 2. 2 -0.215 -0.083  0.35152E+01
-10 1.75 -1 -0.298 0.0714  0.35522E+01
10 0.5 0 -0.0525 0.0106  0.70564E-01
-5. 0.75 3 0.0694 -0.249  0.78271E+00
-5. 2.25 0 -0.476 0.0142  0.22357E+01
-2.4 1.25 0 -0.283 0.00523  0.18835E+00
-15 1.25 -1 -0.187 0.059  0.29468E+01
2.4 1. 4 -0.527 -0.317  0.22435E+01
15 1. -5 -0.00145 0.443  0.19448E+01
5. 1.5 0 -0.0778 0.0287  0.43694E-01
1. 0.75 -1 0.333 0.0871  0.18805E+00
2.4 2.5 -2 0.515 0.217  0.21814E+01
10 1.75 4 -0.257 -0.276  0.39971E+01
-2.4 2.5 5 -0.218 -0.378  0.71469E+00
-10 0.5 -4 -0.183 0.321  0.33506E+01
-1 1.75 -3 -1. 0.457  0.31344E+01
1. 2. 2 0.0193 -0.133  0.11409E+00
15 2. 3 -0.235 -0.165  0.49260E+01
10 0.5 1 -0.0825 -0.0713  0.38014E+00
-10 1.75 0 -0.268 -0.0105  0.23664E+01
-5. 0.75 4 0.129 -0.331  0.15962E+01
-5. 2.25 1 -0.416 -0.0677  0.13445E+01
-2.4 1.25 1 -0.158 -0.0767  0.32882E-01
-15 1.25 0 -0.167 -0.023  0.18898E+01
2.4 1.25 -4 0.494 0.344  0.26435E+01
15 1. -4 -0.0215 0.361  0.10861E+01
1. 0.75 0 0.0329 0.00516  0.34468E-02
5. 1.5 1 -0.138 -0.0532  0.21105E+00
2.4 2.5 -1 0.39 0.135  0.12293E+01
-2.4 2.5 6 -0.0929 -0.46  0.13499E+01
10 2. -4 -0.0262 0.391  0.16319E+01
-10 0.5 -3 -0.153 0.239  0.21021E+01
-1 1.75 -2 -1. 0.298  0.18943E+01
1. 2. 3 -0.281 -0.215  0.44686E+00
15 2. 4 -0.255 -0.247  0.66321E+01
10 0.5 2 -0.113 -0.153  0.98198E+00
-5. 0.75 5 0.189 -0.413  0.27023E+01
-10 1.75 1 -0.238 -0.0925  0.14722E+01
-2.4 1.25 2 -0.033 -0.159  0.17042E+00
-5. 2.25 2 -0.356 -0.15  0.74684E+00
15 1. -3 -0.0415 0.279  0.51971E+00
2.4 1.25 -3 0.369 0.262  0.15464E+01
-15 1.25 1 -0.147 -0.105  0.11282E+01
1. 0.75 1 -0.267 -0.0768  0.11176E+00
5. 1.5 2 -0.198 -0.135  0.67163E+00
2.4 2.5 0 0.265 0.0532  0.56855E+00
-2.4 2.5 7 0.0322 -0.542  0.22770E+01
10 2. -3 -0.0562 0.309  0.90098E+00
-10 0.5 -2 -0.123 0.157  0.11478E+01
-1 1.75 -1 -1. 0.139  0.97241E+00
1. 2. 4 -0.581 -0.297  0.10716E+01
15 2.25 -4 -0.108 0.423  0.13453E+01
10 0.5 3 -0.143 -0.235  0.18777E+01
-5. 1. -3 -0.338 0.244  0.24658E+01
-10 1.75 2 -0.208 -0.174  0.87269E+00
-2.4 1.25 3 0.0921 -0.241  0.60065E+00
-5. 2.25 3 -0.296 -0.232  0.44175E+00
15 1. -2 -0.0615 0.198  0.24653E+00
2.4 1.25 -2 0.244 0.18  0.74432E+00
-15 1.25 2 -0.127 -0.187  0.65796E+00
1. 0.75 2 -0.567 -0.159  0.51270E+00
5. 1.5 3 -0.258 -0.217  0.14235E+01
-1 0.5 -4 -1. 0.409  0.25956E+01
2.4 2.5 1 0.14 -0.0288  0.20121E+00
10 2. -2 -0.0862 0.227  0.46288E+00
-10 0.5 -1 -0.0932 0.0747  0.48478E+00
1. 2. 5 -0.881 -0.379  0.19893E+01
-1 1.75 0 -0.854 0.0176  0.37729E+00
15 2.25 -3 -0.128 0.341  0.10174E+01
10 0.5 4 -0.173 -0.317  0.30621E+01
-2.4 1.25 4 0.217 -0.323  0.13238E+01
-5. 2.25 4 -0.236 -0.314  0.43018E+00
-5. 1. -2 -0.278 0.162  0.14201E+01
-10 1.75 3 -0.178 -0.256  0.56506E+00
2.4 1.25 -1 0.119 0.0979  0.23467E+00
-15 1.25 3 -0.107 -0.269  0.48124E+00
15 1. -1 -0.0815 0.116  0.26636E+00
1. 0.75 3 -0.867 -0.241  0.12076E+01
5. 1.5 4 -0.318 -0.299  0.24710E+01
-1 0.5 -3 -1. 0.25  0.14723E+01
2.4 2.5 2 0.0147 -0.111  0.12715E+00
10 2. -1 -0.116 0.145  0.31792E+00
-10 0.5 0 -0.0631 -0.00725  0.11608E+00
-1 1.75 1 -0.554 -0.0643  0.91637E-01
1. 2. 6 -1. -0.507  0.32373E+01
10 0.75 -4 0.0453 0.345  0.15938E+01
15 2.25 -2 -0.148 0.259  0.98297E+00
-5. 2.25 5 -0.176 -0.395  0.71175E+00
-2.4 1.25 5 0.342 -0.404  0.23409E+01
-5. 1. -1 -0.218 0.0798  0.66994E+00
-10 1.75 4 -0.148 -0.338  0.55054E+00
2.4 1.25 0 -0.00609 0.016  0.17552E-01
-15 1.25 4 -0.0867 -0.351  0.59754E+00
15 1. 0 -0.101 0.0336  0.57962E+00
1. 0.75 4 -1. -0.366  0.22217E+01
5. 1.5 5 -0.378 -0.381  0.38128E+01
-1 0.5 -2 -0.711 0.165  0.68933E+00
2.4 2.5 3 -0.11 -0.193  0.34595E+00
10 2. 0 -0.146 0.0629  0.46587E+00
-10 0.5 1 -0.0331 -0.0892  0.39970E-01
-1 1.75 2 -0.254 -0.146  0.98501E-01
1. 2.25 -2 1. 0.309  0.22264E+01
15 2.25 -1 -0.168 0.177  0.12414E+01
-5. 2.25 6 -0.115 -0.477  0.12856E+01
-5. 1. 0 -0.158 -0.00216  0.21132E+00
-10 1.75 5 -0.118 -0.42  0.82938E+00
-2.4 1.5 -3 -0.748 0.255  0.28815E+01
2.4 1.25 1 -0.131 -0.066  0.93450E-01
-15 1.25 5 -0.0667 -0.433  0.10068E+01
5. 1.75 -4 0.168 0.364  0.25159E+01
1. 1. -4 1. 0.413  0.27323E+01
2.4 2.5 4 -0.235 -0.275  0.85798E+00
-1 0.5 -1 -0.411 0.0827  0.20062E+00
15 1. 1 -0.121 -0.0483  0.11854E+01
10 2. 1 -0.176 -0.019  0.90696E+00
-10 0.5 2 -0.00313 -0.171  0.25686E+00
-1 1.75 3 0.0464 -0.228  0.39855E+00
1. 2.25 -1 1. 0.15  0.12215E+01
10 0.75 -2 -0.0148 0.181  0.27978E+00
-5. 2.25 7 -0.0555 -0.559  0.21525E+01
15 2.25 0 -0.188 0.0948  0.17932E+01
-10 1.75 6 -0.0875 -0.502  0.14011E+01
-5. 1. 1 -0.0982 -0.0841  0.45779E-01
2.4 1.25 2 -0.256 -0.148  0.46216E+00
-2.4 1.5 -2 -0.623 0.173  0.17406E+01
-15 1.25 6 -0.0467 -0.515  0.17078E+01
5. 1.75 -3 0.108 0.282  0.14623E+01
2.4 2.5 5 -0.36 -0.357  0.16617E+01
1. 1. -3 0.997 0.254  0.15741E+01
-1 0.5 0 -0.111 0.000801  0.49833E-02
15 1. 2 -0.141 -0.13  0.20838E+01
10 2. 2 -0.206 -0.101  0.16408E+01
-1 1.75 4 0.347 -0.31  0.99104E+00
-10 0.5 3 0.0269 -0.253  0.76660E+00
1. 2.25 0 0.817 0.0384  0.54566E+00
10 0.75 -1 -0.0448 0.0992  0.62496E-01
-5. 2.5 0 -0.555 0.02  0.31167E+01
15 2.25 1 -0.208 0.0128  0.26379E+01
-5. 1. 2 -0.0382 -0.166  0.17323E+00
2.4 1.25 3 -0.381 -0.23  0.11247E+01
-10 2. -1 -0.346 0.0733  0.47746E+01
-15 1.5 -2 -0.245 0.139  0.57814E+01
-2.4 1.5 -1 -0.498 0.0908  0.89326E+00
5. 1.75 -2 0.0479 0.2  0.70272E+00
2.4 2.5 6 -0.485 -0.439  0.27614E+01
1. 1. -2 0.697 0.172  0.76175E+00
-1 0.5 1 0.189 -0.0811  0.10246E+00
15 1. 3 -0.162 -0.212  0.32757E+01
10 2. 3 -0.236 -0.183  0.26671E+01
-10 0.5 4 0.0569 -0.335  0.15702E+01
-1 1.75 5 0.647 -0.392  0.18784E+01
1. 2.25 1 0.517 -0.0436  0.17558E+00
10 0.75 0 -0.0748 0.0172  0.13805E+00
-5. 2.5 1 -0.495 -0.0619  0.20347E+01
-5. 1. 3 0.0219 -0.248  0.59391E+00
15 2.25 2 -0.228 -0.0691  0.37744E+01
2.4 1.25 4 -0.506 -0.312  0.20784E+01
-10 2. 0 -0.316 -0.00866  0.33822E+01
-15 1.5 -1 -0.225 0.0569  0.42038E+01
-2.4 1.5 0 -0.373 0.00882  0.34029E+00
5. 1.75 -1 -0.0121 0.118  0.23517E+00
5. 0.5 -4 0.193 0.334  0.20904E+01
1. 1. -1 0.397 0.0905  0.24123E+00
-1 0.5 2 0.489 -0.163  0.49271E+00
15 1. 4 -0.182 -0.294  0.47587E+01
10 2. 4 -0.266 -0.265  0.39888E+01
-10 0.5 5 0.0869 -0.417  0.26654E+01
1. 2.25 2 0.216 -0.126  0.98257E-01
-1 1.75 6 0.947 -0.474  0.30555E+01
10 0.75 1 -0.105 -0.0647  0.50673E+00
-5. 1. 4 0.0819 -0.33  0.13070E+01
-5. 2.5 2 -0.435 -0.144  0.12475E+01
2.4 1.25 5 -0.631 -0.394  0.33281E+01
15 2.25 3 -0.248 -0.151  0.52076E+01
-10 2. 1 -0.286 -0.0906  0.22794E+01
-15 1.5 0 -0.205 -0.025  0.29223E+01
-2.4 1.5 1 -0.248 -0.0731  0.79561E-01
5. 1.75 0 -0.0721 0.0364  0.61057E-01
1. 1. 0 0.0971 0.00858  0.14111E-01
15 1.25 -5 -0.0224 0.454  0.18024E+01
5. 0.5 -3 0.133 0.252  0.11324E+01
-1 0.5 3 0.789 -0.245  0.11765E+01
10 2. 5 -0.296 -0.347  0.56003E+01
-10 0.75 -3 -0.189 0.236  0.26785E+01
1. 2.25 3 -0.0837 -0.207  0.31405E+00
-1 2. -2 -1. 0.363  0.24250E+01
10 0.75 2 -0.135 -0.147  0.11685E+01
-5. 1. 5 0.142 -0.412  0.23137E+01
-5. 2.5 3 -0.375 -0.226  0.75218E+00
2.4 1.5 -4 0.526 0.349  0.29050E+01
15 2.25 4 -0.268 -0.233  0.69285E+01
-2.4 1.5 2 -0.123 -0.155  0.11206E+00
-10 2. 2 -0.256 -0.173  0.14710E+01
-15 1.5 1 -0.185 -0.107  0.19316E+01
15 1.25 -4 -0.0424 0.372  0.10197E+01
5. 1.75 1 -0.132 -0.0455  0.17986E+00
5. 0.5 -2 0.0728 0.17  0.46598E+00
1. 1. 1 -0.203 -0.0734  0.79902E-01
-1 0.5 4 1. -0.35  0.21644E+01
-10 0.75 -2 -0.159 0.154  0.15897E+01
10 2.25 -4 -0.0325 0.402  0.18012E+01
1. 2.25 4 -0.384 -0.289  0.82204E+00
-1 2. -1 -1. 0.204  0.13650E+01
10 0.75 3 -0.165 -0.229  0.21220E+01
-5. 1.25 -3 -0.391 0.245  0.29888E+01
-5. 2.5 4 -0.315 -0.308  0.55073E+00
2.4 1.5 -3 0.401 0.268  0.17524E+01
15 2.5 -4 -0.12 0.437  0.15397E+01
-2.4 1.5 3 0.00221 -0.237  0.43742E+00
-10 2. 3 -0.226 -0.254  0.95512E+00
5. 0.5 -1 0.0128 0.0881  0.93189E-01
15 1.25 -3 -0.0624 0.29  0.53135E+00
-15 1.5 2 -0.165 -0.189  0.12361E+01
1. 1. 2 -0.503 -0.155  0.43881E+00
5. 1.75 2 -0.192 -0.127  0.59138E+00
-1 0.75 -4 -1. 0.435  0.28188E+01
1. 2.25 5 -0.684 -0.371  0.16242E+01
10 2.25 -3 -0.0625 0.32  0.10389E+01
-10 0.75 -1 -0.129 0.0723  0.79405E+00
-1 2. 0 -1. 0.0447  0.62549E+00
10 0.75 4 -0.195 -0.311  0.33684E+01
-5. 2.5 5 -0.255 -0.39  0.64229E+00
-5. 1.25 -2 -0.331 0.163  0.18312E+01
2.4 1.5 -2 0.276 0.186  0.89034E+00
15 2.5 -3 -0.141 0.355  0.12137E+01
-2.4 1.5 4 0.127 -0.319  0.10561E+01
-10 2. 4 -0.196 -0.336  0.73251E+00
15 1.25 -2 -0.0824 0.208  0.33611E+00
1. 1. 3 -0.803 -0.237  0.10909E+01
-15 1.5 3 -0.145 -0.271  0.83210E+00
-1 0.75 -3 -1. 0.276  0.16402E+01
5. 0.5 0 -0.0472 0.00617  0.13291E-01
5. 1.75 3 -0.252 -0.209  0.12970E+01
10 2.25 -2 -0.0925 0.239  0.57056E+00
1. 2.25 6 -0.984 -0.453  0.27196E+01
-10 0.75 0 -0.0987 -0.00961  0.29192E+00
-1 2. 1 -0.782 -0.0584  0.21159E+00
10 1. -4 0.0256 0.352  0.14905E+01
-5. 2.5 6 -0.195 -0.472  0.10259E+01
-5. 1.25 -1 -0.271 0.0814  0.96510E+00
2.4 1.5 -1 0.151 0.104  0.32085E+00
-2.4 1.5 5 0.252 -0.401  0.19683E+01
15 2.5 -2 -0.161 0.273  0.11825E+01
-10 2. 5 -0.166 -0.418  0.80223E+00
1. 1. 4 -1. -0.346  0.20502E+01
15 1.25 -1 -0.102 0.126  0.43329E+00
-15 1.5 4 -0.125 -0.353  0.72158E+00
5. 0.5 1 -0.107 -0.0758  0.22638E+00
5. 1.75 4 -0.312 -0.291  0.22938E+01
-1 0.75 -2 -0.807 0.166  0.79641E+00
1. 2.5 -2 1. 0.375  0.28465E+01
10 2.25 -1 -0.123 0.157  0.39567E+00
-1 2. 2 -0.482 -0.14  0.97087E-01
-10 0.75 1 -0.0687 -0.0916  0.82061E-01
10 1. -3 -0.00436 0.271  0.73163E+00
-5. 2.5 7 -0.135 -0.554  0.17040E+01
2.4 1.5 0 0.0259 0.0217  0.45028E-01
-5. 1.25 0 -0.211 -0.000585  0.39096E+00
-2.4 1.75 -3 -0.849 0.259  0.34662E+01
15 2.5 -1 -0.181 0.191  0.14439E+01
-10 2. 6 -0.136 -0.5  0.11658E+01
1. 1. 5 -1. -0.505  0.33513E+01
-15 1.5 5 -0.105 -0.435  0.90427E+00
5. 0.5 2 -0.167 -0.158  0.73273E+00
5. 1.75 5 -0.372 -0.373  0.35853E+01
15 1.25 0 -0.122 0.0442  0.82318E+00
-1 0.75 -1 -0.507 0.0844  0.26126E+00
1. 2.5 -1 1. 0.216  0.16954E+01
-1 2. 3 -0.182 -0.222  0.27557E+00
10 2.25 0 -0.153 0.0746  0.51264E+00
-10 0.75 2 -0.0387 -0.173  0.16531E+00
10 1. -2 -0.0344 0.189  0.26600E+00
-2.4 0.5 -4 -0.58 0.327  0.26608E+01
2.4 1.5 1 -0.0991 -0.0602  0.62125E-01
-5. 1.25 1 -0.151 -0.0825  0.11006E+00
-2.4 1.75 -2 -0.724 0.177  0.22082E+01
-10 2. 7 -0.106 -0.582  0.18232E+01
15 2.5 0 -0.201 0.11  0.19967E+01
-15 1.5 6 -0.0854 -0.517  0.13802E+01
1. 1.25 -4 1. 0.44  0.30063E+01
5. 0.5 3 -0.227 -0.24  0.15317E+01
5. 2. -3 0.119 0.291  0.16881E+01
-1 0.75 0 -0.206 0.00247  0.18820E-01
15 1.25 1 -0.142 -0.0378  0.15074E+01
-1 2. 4 0.118 -0.304  0.74697E+00
1. 2.5 0 1. 0.0572  0.86150E+00
-10 0.75 3 -0.00868 -0.255  0.54119E+00
10 2.25 1 -0.183 -0.00731  0.92283E+00
10 1. -1 -0.0644 0.107  0.92729E-01
-2.4 0.5 -3 -0.455 0.245  0.15592E+01
2.4 1.5 2 -0.224 -0.142  0.37222E+00
-5. 1.25 2 -0.091 -0.164  0.12236E+00
-2.4 1.75 -1 -0.599 0.0952  0.12417E+01
-10 2.25 0 -0.368 -0.00592  0.46645E+01
15 2.5 1 -0.221 0.0276  0.28435E+01
-15 1.75 -1 -0.266 0.0557  0.57824E+01
1. 1.25 -3 1. 0.281  0.17845E+01
5. 0.5 4 -0.287 -0.322  0.26240E+01
5. 2. -2 0.0589 0.209  0.86482E+00
-1 0.75 1 0.0937 -0.0795  0.69299E-01
15 1.25 2 -0.162 -0.12  0.24848E+01
1. 2.5 1 0.74 -0.0351  0.35586E+00
-1 2. 5 0.418 -0.386  0.15108E+01
-10 0.75 4 0.0213 -0.337  0.12113E+01
10 2.25 2 -0.213 -0.0893  0.16274E+01
10 1. 0 -0.0944 0.0247  0.21268E+00
-5. 1.25 3 -0.031 -0.246  0.42739E+00
-2.4 1.75 0 -0.474 0.0133  0.56804E+00
-10 2.25 1 -0.338 -0.0879  0.33400E+01
10 2.25 3 -0.243 -0.171  0.26242E+01
-15 1 0 1 1  0.32212E+01
-15 1 0 0.8 1  0.28280E+01
-15 1 0 0.6 1  0.24613E+01
-15 1 0 0.4 1  0.21216E+01
-15 1 0 0.2 1  0.18008E+01
-15 1 0 0 1  0.15208E+01
-15 1 0 -1 1  0.49532E+00
-15 1 0 -0.8 1  0.64697E+00
-15 1 0 -0.6 1  0.82529E+00
-15 1 0 -0.4 1  0.10268E+01
-15 1 0 -0.2 1  0.12533E+01
-15 1 0 1 0.8  0.31481E+01
-15 1 0 0.8 0.8  0.27538E+01
-15 1 0 0.6 0.8  0.23817E+01
-15 1 0 0.4 0.8  0.20608E+01
-15 1 0 0.2 0.8  0.17517E+01
-15 1 0 0 0.8  0.14720E+01
-15 1 0 -1 0.8  0.47352E+00
-15 1 0 -0.8 0.8  0.61569E+00
-15 1 0 -0.6 0.8  0.79170E+00
-15 1 0 -0.4 0.8  0.98999E+00
-15 1 0 -0.2 0.8  0.12152E+01
-15 1 0 1 0.6  0.30786E+01
-15 1 0 0.8 0.6  0.26911E+01
-15 1 0 0.6 0.6  0.23344E+01
-15 1 0 0.4 0.6  0.20057E+01
-15 1 0 0.2 0.6  0.16933E+01
-15 1 0 0 0.6  0.14225E+01
-15 1 0 -1 0.6  0.44873E+00
-15 1 0 -0.8 0.6  0.59128E+00
-15 1 0 -0.6 0.6  0.75247E+00
-15 1 0 -0.4 0.6  0.94656E+00
-15 1 0 -0.2 0.6  0.11691E+01
-15 1 0 1 0.4  0.30014E+01
-15 1 0 0.8 0.4  0.26278E+01
-15 1 0 0.6 0.4  0.22637E+01
-15 1 0 0.4 0.4  0.19426E+01
-15 1 0 0.2 0.4  0.16468E+01
-15 1 0 0 0.4  0.13751E+01
-15 1 0 -1 0.4  0.42838E+00
-15 1 0 -0.8 0.4  0.56000E+00
-15 1 0 -0.6 0.4  0.71981E+00
-15 1 0 -0.4 0.4  0.91244E+00
-15 1 0 -0.2 0.4  0.11226E+01
-15 1 0 1 0.2  0.29273E+01
-15 1 0 0.8 0.2  0.25579E+01
-15 1 0 0.6 0.2  0.22033E+01
-15 1 0 0.4 0.2  0.18794E+01
-15 1 0 0.2 0.2  0.16012E+01
-15 1 0 0 0.2  0.13250E+01
-15 1 0 -1 0.2  0.40804E+00
-15 1 0 -0.8 0.2  0.53551E+00
-15 1 0 -0.6 0.2  0.69641E+00
-15 1 0 -0.4 0.2  0.87813E+00
-15 1 0 -0.2 0.2  0.10866E+01
-15 1 0 1 0  0.28529E+01
-15 1 0 0.8 0  0.24916E+01
-15 1 0 0.6 0  0.21543E+01
-15 1 0 0.4 0  0.18311E+01
-15 1 0 0.2 0  0.15480E+01
-15 1 0 0 0  0.12835E+01
-15 1 0 -1 0  0.38943E+00
-15 1 0 -0.8 0  0.51276E+00
-15 1 0 -0.6 0  0.66474E+00
-15 1 0 -0.4 0  0.84315E+00
-15 1 0 -0.2 0  0.10525E+01
-15 1 0 1 -1  0.25371E+01
-15 1 0 0.8 -1  0.21934E+01
-15 1 0 0.6 -1  0.18831E+01
-15 1 0 0.4 -1  0.15863E+01
-15 1 0 0.2 -1  0.13311E+01
-15 1 0 0 -1  0.10907E+01
-15 1 0 -1 -1  0.32208E+00
-15 1 0 -0.8 -1  0.42060E+00
-15 1 0 -0.6 -1  0.54634E+00
-15 1 0 -0.4 -1  0.69918E+00
-15 1 0 -0.2 -1  0.88273E+00
-15 1 0 1 -0.8  0.26120E+01
-15 1 0 0.8 -0.8  0.22565E+01
-15 1 0 0.6 -0.8  0.19245E+01
-15 1 0 0.4 -0.8  0.16361E+01
-15 1 0 0.2 -0.8  0.13629E+01
-15 1 0 0 -0.8  0.11284E+01
-15 1 0 -1 -0.8  0.33266E+00
-15 1 0 -0.8 -0.8  0.43517E+00
-15 1 0 -0.6 -0.8  0.56840E+00
-15 1 0 -0.4 -0.8  0.72902E+00
-15 1 0 -0.2 -0.8  0.91075E+00
-15 1 0 1 -0.6  0.26532E+01
-15 1 0 0.8 -0.6  0.23036E+01
-15 1 0 0.6 -0.6  0.19870E+01
-15 1 0 0.4 -0.6  0.16721E+01
-15 1 0 0.2 -0.6  0.14077E+01
-15 1 0 0 -0.6  0.11632E+01
-15 1 0 -1 -0.6  0.34383E+00
-15 1 0 -0.8 -0.6  0.45283E+00
-15 1 0 -0.6 -0.6  0.59040E+00
-15 1 0 -0.4 -0.6  0.75506E+00
-15 1 0 -0.2 -0.6  0.94700E+00
-15 1 0 1 -0.4  0.27196E+01
-15 1 0 0.8 -0.4  0.23775E+01
-15 1 0 0.6 -0.4  0.20367E+01
-15 1 0 0.4 -0.4  0.17339E+01
-15 1 0 0.2 -0.4  0.14450E+01
-15 1 0 0 -0.4  0.12031E+01
-15 1 0 -1 -0.4  0.35723E+00
-15 1 0 -0.8 -0.4  0.47157E+00
-15 1 0 -0.6 -0.4  0.61652E+00
-15 1 0 -0.4 -0.4  0.78242E+00
-15 1 0 -0.2 -0.4  0.97894E+00
-15 1 0 1 -0.2  0.27914E+01
-15 1 0 0.8 -0.2  0.24329E+01
-15 1 0 0.6 -0.2  0.20908E+01
-15 1 0 0.4 -0.2  0.17803E+01
-15 1 0 0.2 -0.2  0.14963E+01
-15 1 0 0 -0.2  0.12471E+01
-15 1 0 -1 -0.2  0.37327E+00
-15 1 0 -0.8 -0.2  0.49471E+00
-15 1 0 -0.6 -0.2  0.63629E+00
-15 1 0 -0.4 -0.2  0.81547E+00
-15 1 0 -0.2 -0.2  0.10210E+01
15 1 0 1 1   0.16826E+01
15 1 0 0.8 1   0.13920E+01
15 1 0 0.6 1   0.11480E+01
15 1 0 0.4 1   0.91518E+00
15 1 0 0.2 1   0.70968E+00
15 1 0 0 1   0.53414E+00
15 1 0 -1 1   0.69097E-01
15 1 0 -0.8 1   0.10797E+00
15 1 0 -0.6 1   0.17389E+00
15 1 0 -0.4 1   0.26720E+00
15 1 0 -0.2 1   0.38823E+00
15 1 0 1 0.8   0.17386E+01
15 1 0 0.8 0.8   0.14452E+01
15 1 0 0.6 0.8   0.11829E+01
15 1 0 0.4 0.8   0.94764E+00
15 1 0 0.2 0.8   0.74172E+00
15 1 0 0 0.8   0.56110E+00
15 1 0 -1 0.8   0.68549E-01
15 1 0 -0.8 0.8   0.11280E+00
15 1 0 -0.6 0.8   0.18371E+00
15 1 0 -0.4 0.8   0.28149E+00
15 1 0 -0.2 0.8   0.40538E+00
15 1 0 1 0.6   0.17914E+01
15 1 0 0.8 0.6   0.14993E+01
15 1 0 0.6 0.6   0.12259E+01
15 1 0 0.4 0.6   0.98313E+00
15 1 0 0.2 0.6   0.77310E+00
15 1 0 0 0.6   0.58660E+00
15 1 0 -1 0.6   0.70115E-01
15 1 0 -0.8 0.6   0.11885E+00
15 1 0 -0.6 0.6   0.19476E+00
15 1 0 -0.4 0.6   0.29944E+00
15 1 0 -0.2 0.6   0.42911E+00
15 1 0 1 0.4   0.18485E+01
15 1 0 0.8 0.4   0.15354E+01
15 1 0 0.6 0.4   0.12702E+01
15 1 0 0.4 0.4   0.10226E+01
15 1 0 0.2 0.4   0.80738E+00
15 1 0 0 0.4   0.61485E+00
15 1 0 -1 0.4   0.72507E-01
15 1 0 -0.8 0.4   0.12640E+00
15 1 0 -0.6 0.4   0.20782E+00
15 1 0 -0.4 0.4   0.31755E+00
15 1 0 -0.2 0.4   0.45065E+00
15 1 0 1 0.2   0.18901E+01
15 1 0 0.8 0.2   0.15894E+01
15 1 0 0.6 0.2   0.13114E+01
15 1 0 0.4 0.2   0.10642E+01
15 1 0 0.2 0.2   0.84187E+00
15 1 0 0 0.2   0.64585E+00
15 1 0 -1 0.2   0.76829E-01
15 1 0 -0.8 0.2   0.13671E+00
15 1 0 -0.6 0.2   0.22203E+00
15 1 0 -0.4 0.2   0.33513E+00
15 1 0 -0.2 0.2   0.47499E+00
15 1 0 1 0   0.19514E+01
15 1 0 0.8 0   0.16371E+01
15 1 0 0.6 0   0.13628E+01
15 1 0 0.4 0   0.11039E+01
15 1 0 0.2 0   0.87259E+00
15 1 0 0 0   0.67732E+00
15 1 0 -1 0   0.82627E-01
15 1 0 -0.8 0   0.14660E+00
15 1 0 -0.6 0   0.23804E+00
15 1 0 -0.4 0   0.35709E+00
15 1 0 -0.2 0   0.50222E+00
15 1 0 1 -1   0.22521E+01
15 1 0 0.8 -1   0.19124E+01
15 1 0 0.6 -1   0.16047E+01
15 1 0 0.4 -1   0.13322E+01
15 1 0 0.2 -1   0.10788E+01
15 1 0 0 -1   0.85146E+00
15 1 0 -1 -1   0.13524E+00
15 1 0 -0.8 -1   0.22418E+00
15 1 0 -0.6 -1   0.34053E+00
15 1 0 -0.4 -1   0.48114E+00
15 1 0 -0.2 -1   0.65522E+00
15 1 0 1 -0.8   0.21970E+01
15 1 0 0.8 -0.8   0.18611E+01
15 1 0 0.6 -0.8   0.15574E+01
15 1 0 0.4 -0.8   0.12843E+01
15 1 0 0.2 -0.8   0.10338E+01
15 1 0 0 -0.8   0.81266E+00
15 1 0 -1 -0.8   0.12142E+00
15 1 0 -0.8 -0.8   0.20521E+00
15 1 0 -0.6 -0.8   0.31792E+00
15 1 0 -0.4 -0.8   0.45363E+00
15 1 0 -0.2 -0.8   0.61906E+00
15 1 0 1 -0.6   0.21312E+01
15 1 0 0.8 -0.6   0.18072E+01
15 1 0 0.6 -0.6   0.15111E+01
15 1 0 0.4 -0.6   0.12379E+01
15 1 0 0.2 -0.6   0.98877E+00
15 1 0 0 -0.6   0.77970E+00
15 1 0 -1 -0.6   0.10900E+00
15 1 0 -0.8 -0.6   0.18860E+00
15 1 0 -0.6 -0.6   0.29401E+00
15 1 0 -0.4 -0.6   0.42821E+00
15 1 0 -0.2 -0.6   0.58905E+00
15 1 0 1 -0.4   0.20767E+01
15 1 0 0.8 -0.4   0.17477E+01
15 1 0 0.6 -0.4   0.14523E+01
15 1 0 0.4 -0.4   0.11918E+01
15 1 0 0.2 -0.4   0.95013E+00
15 1 0 0 -0.4   0.74384E+00
15 1 0 -1 -0.4   0.98733E-01
15 1 0 -0.8 -0.4   0.17255E+00
15 1 0 -0.6 -0.4   0.27524E+00
15 1 0 -0.4 -0.4   0.40232E+00
15 1 0 -0.2 -0.4   0.55907E+00
15 1 0 1 -0.2   0.20108E+01
15 1 0 0.8 -0.2   0.16951E+01
15 1 0 0.6 -0.2   0.14115E+01
15 1 0 0.4 -0.2   0.11454E+01
15 1 0 0.2 -0.2   0.90547E+00
15 1 0 0 -0.2   0.70744E+00
15 1 0 -1 -0.2   0.90150E-01
15 1 0 -0.8 -0.2   0.15859E+00
15 1 0 -0.6 -0.2   0.25604E+00
15 1 0 -0.4 -0.2   0.37740E+00
15 1 0 -0.2 -0.2   0.52658E+00
