10.0 0.5 0.0 0 0 
10.0 0.5 0.5 0 0 
10.0 0.5 1.0 0 0 
10.0 0.5 2.0 0 0 
10.0 0.5 3.0 0 0 
10.0 0.5 -0.5 0 0 
10.0 0.5 -1.0 0 0 
10.0 0.5 -2.0 0 0 
10.0 0.5 -3.0 0 0 
10.0 1.0 0.0 0 0 
10.0 1.0 0.5 0 0 
10.0 1.0 1.0 0 0 
10.0 1.0 2.0 0 0 
10.0 1.0 3.0 0 0 
10.0 1.0 -0.5 0 0 
10.0 1.0 -1.0 0 0 
10.0 1.0 -2.0 0 0 
10.0 1.0 -3.0 0 0 
10.0 1.5 0.0 0 0 
10.0 1.5 0.5 0 0 
10.0 1.5 1.0 0 0 
10.0 1.5 2.0 0 0 
10.0 1.5 3.0 0 0 
10.0 1.5 -0.5 0 0 
10.0 1.5 -2.0 0 0 
10.0 1.5 -3.0 0 0 
10.0 2.0 0.0 0 0 
10.0 2.0 0.5 0 0 
10.0 2.0 1.0 0 0 
10.0 2.0 2.0 0 0 
10.0 2.0 3.0 0 0 
10.0 2.0 -0.5 0 0 
10.0 2.0 -1.0 0 0 
10.0 2.0 -2.0 0 0 
10.0 2.0 -3.0 0 0 
10.0 2.5 0.0 0 0 
10.0 2.5 0.5 0 0 
10.0 2.5 1.0 0 0 
10.0 2.5 2.0 0 0 
10.0 2.5 3.0 0 0 
10.0 2.5 -0.5 0 0 
10.0 2.5 -1.0 0 0 
10.0 2.5 -2.0 0 0 
10.0 2.5 -3.0 0 0 
12.5 0.5 0.0 0 0 
12.5 0.5 0.5 0 0 
12.5 0.5 1.0 0 0 
12.5 0.5 2.0 0 0 
12.5 0.5 3.0 0 0 
12.5 0.5 -0.5 0 0 
12.5 0.5 -1.0 0 0 
12.5 0.5 -2.0 0 0 
12.5 0.5 -3.0 0 0 
12.5 1.0 0.0 0 0 
12.5 1.0 0.5 0 0 
12.5 1.0 1.0 0 0 
12.5 1.0 2.0 0 0 
12.5 1.0 3.0 0 0 
12.5 1.0 -0.5 0 0 
12.5 1.0 -1.0 0 0 
12.5 1.0 -2.0 0 0 
12.5 1.0 -3.0 0 0 
12.5 1.5 0.0 0 0 
12.5 1.5 0.5 0 0 
12.5 1.5 1.0 0 0 
12.5 1.5 2.0 0 0 
12.5 1.5 3.0 0 0 
12.5 1.5 -0.5 0 0 
12.5 1.5 -2.0 0 0 
12.5 1.5 -3.0 0 0 
12.5 2.0 0.0 0 0 
12.5 2.0 0.5 0 0 
12.5 2.0 1.0 0 0 
12.5 2.0 2.0 0 0 
12.5 2.0 3.0 0 0 
12.5 2.0 -0.5 0 0 
12.5 2.0 -1.0 0 0 
12.5 2.0 -2.0 0 0 
12.5 2.0 -3.0 0 0 
12.5 2.5 0.0 0 0 
12.5 2.5 0.5 0 0 
12.5 2.5 1.0 0 0 
12.5 2.5 2.0 0 0 
12.5 2.5 3.0 0 0 
12.5 2.5 -0.5 0 0 
12.5 2.5 -1.0 0 0 
12.5 2.5 -2.0 0 0 
12.5 2.5 -3.0 0 0 
15.0 0.5 0.0 0 0 
15.0 0.5 0.5 0 0 
15.0 0.5 1.0 0 0 
15.0 0.5 2.0 0 0 
15.0 0.5 3.0 0 0 
15.0 0.5 -0.5 0 0 
15.0 0.5 -1.0 0 0 
15.0 0.5 -2.0 0 0 
15.0 0.5 -3.0 0 0 
15.0 1.0 0.0 0 0 
15.0 1.0 0.5 0 0 
15.0 1.0 1.0 0 0 
15.0 1.0 2.0 0 0 
15.0 1.0 3.0 0 0 
15.0 1.0 -0.5 0 0 
15.0 1.0 -1.0 0 0 
15.0 1.0 -2.0 0 0 
15.0 1.0 -3.0 0 0 
15.0 1.5 0.0 0 0 
15.0 1.5 0.5 0 0 
15.0 1.5 1.0 0 0 
15.0 1.5 2.0 0 0 
15.0 1.5 3.0 0 0
15.0 1.5 -0.5 0 0 
15.0 1.5 -2.0 0 0 
15.0 1.5 -3.0 0 0 
15.0 2.0 0.0 0 0 
15.0 2.0 0.5 0 0 
15.0 2.0 1.0 0 0 
15.0 2.0 2.0 0 0 
15.0 2.0 3.0 0 0 
15.0 2.0 -0.5 0 0 
15.0 2.0 -1.0 0 0 
15.0 2.0 -2.0 0 0 
15.0 2.0 -3.0 0 0 
15.0 2.5 0.0 0 0 
15.0 2.5 0.5 0 0 
15.0 2.5 1.0 0 0 
15.0 2.5 2.0 0 0 
15.0 2.5 3.0 0 0 
15.0 2.5 -0.5 0 0 
15.0 2.5 -1.0 0 0 
15.0 2.5 -2.0 0 0 
15.0 2.5 -3.0 0 0 
1.0 0.5 0.0 0 0 
1.0 0.5 0.5 0 0 
1.0 0.5 1.0 0 0
1.0 0.5 2.0 0 0
1.0 0.5 3.0 0 0
1.0 0.5 -0.5 0 0
1.0 0.5 -1.0 0 0
1.0 0.5 -2.0 0 0
1.0 0.5 -3.0 0 0
1.0 0.75 0.0 0 0
1.0 1.0 0.0 0 0
1.0 1.0 0.5 0 0
1.0 1.0 1.0 0 0
1.0 1.0 2.0 0 0
1.0 1.0 3.0 0 0
1.0 1.0 -0.5 0 0
1.0 1.0 -1.0 0 0
1.0 1.0 -2.0 0 0
1.0 1.0 -3.0 0 0
1.0 1.25 0.0 0 0
1.0 1.5 0.0 0 0
1.0 1.5 0.5 0 0
1.0 1.5 1.0 0 0
1.0 1.5 2.0 0 0
1.0 1.5 3.0 0 0
1.0 1.5 -0.5 0 0
1.0 1.5 -2.0 0 0
1.0 1.5 -3.0 0 0
1.0 1.75 0.0 0 0
1.0 2.0 0.0 0 0
1.0 2.0 0.5 0 0
1.0 2.0 1.0 0 0
1.0 2.0 2.0 0 0
1.0 2.0 3.0 0 0
1.0 2.0 -0.5 0 0
1.0 2.0 -1.0 0 0
1.0 2.0 -2.0 0 0
1.0 2.0 -3.0 0 0
1.0 2.25 0.0 0 0
1.0 2.5 0.0 0 0
1.0 2.5 0.5 0 0
1.0 2.5 1.0 0 0
1.0 2.5 2.0 0 0
1.0 2.5 3.0 0 0
1.0 2.5 -0.5 0 0
1.0 2.5 -1.0 0 0
1.0 2.5 -2.0 0 0
1.0 2.5 -3.0 0 0
2.4 0.5 0.0 0 0
2.4 0.5 0.5 0 0
2.4 0.5 1.0 0 0
2.4 0.5 2.0 0 0
2.4 0.5 3.0 0 0
2.4 0.5 -0.5 0 0
2.4 0.5 -1.0 0 0
2.4 0.5 -2.0 0 0
2.4 0.5 -3.0 0 0
2.4 0.75 0.0 0 0
2.4 1.0 0.0 0 0
2.4 1.0 0.5 0 0
2.4 1.0 1.0 0 0
2.4 1.0 2.0 0 0
2.4 1.0 3.0 0 0
2.4 1.0 -0.5 0 0
2.4 1.0 -1.0 0 0
2.4 1.0 -2.0 0 0
2.4 1.0 -3.0 0 0
2.4 1.25 0.0 0 0
2.4 1.5 0.0 0 0
2.4 1.5 0.5 0 0
2.4 1.5 1.0 0 0
2.4 1.5 2.0 0 0
2.4 1.5 3.0 0 0
2.4 1.5 -0.5 0 0
2.4 1.5 -2.0 0 0
2.4 1.5 -3.0 0 0
2.4 1.75 0.0 0 0
2.4 2.0 0.0 0 0
2.4 2.0 0.5 0 0
2.4 2.0 1.0 0 0
2.4 2.0 2.0 0 0
2.4 2.0 3.0 0 0
2.4 2.0 -0.5 0 0
2.4 2.0 -1.0 0 0
2.4 2.0 -2.0 0 0
2.4 2.0 -3.0 0 0
2.4 2.25 0.0 0 0
2.4 2.5 0.0 0 0
2.4 2.5 0.5 0 0
2.4 2.5 1.0 0 0
2.4 2.5 2.0 0 0
2.4 2.5 3.0 0 0
2.4 2.5 -0.5 0 0
2.4 2.5 -1.0 0 0
2.4 2.5 -2.0 0 0
3.5 0.5 0.0 0 0
3.5 0.75 0.0 0 0
3.5 0.75 0.5 0 0
3.5 0.75 1.0 0 0
3.5 1.0 0.0 0 0
3.5 1.25 0.0 0 0
3.5 1.25 0.5 0 0
3.5 1.25 1.0 0 0
3.5 1.5 0.0 0 0
3.5 1.75 0.0 0 0
3.5 1.75 0.5 0 0
3.5 1.75 1.0 0 0
3.5 2.0 0.0 0 0
3.5 2.25 0.0 0 0
3.5 2.25 0.5 0 0
3.5 2.25 1.0 0 0
3.5 2.5 0.0 0 0
5.0 0.5 0.0 0 0
5.0 0.5 0.5 0 0
5.0 0.5 1.0 0 0
5.0 0.5 2.0 0 0
5.0 0.5 3.0 0 0
5.0 0.5 -0.5 0 0
5.0 0.5 -1.0 0 0
5.0 0.5 -2.0 0 0
5.0 0.5 -3.0 0 0
5.0 0.75 0.0 0 0
5.0 0.75 0.5 0 0
5.0 0.75 1.0 0 0
5.0 0.75 2.0 0 0
5.0 0.75 3.0 0 0
5.0 1.0 0.0 0 0
5.0 1.0 0.5 0 0
5.0 1.0 1.0 0 0
5.0 1.0 2.0 0 0
5.0 1.0 3.0 0 0
5.0 1.0 -0.5 0 0
5.0 1.0 -1.0 0 0
5.0 1.0 -2.0 0 0
5.0 1.0 -3.0 0 0
5.0 1.25 0.0 0 0
5.0 1.25 0.5 0 0
5.0 1.25 1.0 0 0
5.0 1.25 2.0 0 0
5.0 1.25 3.0 0 0
5.0 1.5 0.0 0 0
5.0 1.5 0.5 0 0
5.0 1.5 1.0 0 0
5.0 1.5 2.0 0 0
5.0 1.5 3.0 0 0
5.0 1.5 -0.5 0 0
5.0 1.5 -2.0 0 0
5.0 1.5 -3.0 0 0
5.0 1.75 0.0 0 0
5.0 1.75 0.5 0 0
5.0 1.75 1.0 0 0
5.0 1.75 2.0 0 0
5.0 1.75 3.0 0 0
5.0 2.0 0.0 0 0
5.0 2.0 0.5 0 0
5.0 2.0 1.0 0 0
5.0 2.0 2.0 0 0
5.0 2.0 3.0 0 0
5.0 2.0 -0.5 0 0
5.0 2.0 -1.0 0 0
5.0 2.0 -2.0 0 0
5.0 2.0 -3.0 0 0
5.0 2.25 0.0 0 0
5.0 2.25 0.5 0 0
5.0 2.25 1.0 0 0
5.0 2.25 2.0 0 0
5.0 2.25 3.0 0 0
5.0 2.5 0.0 0 0
5.0 2.5 0.5 0 0
5.0 2.5 1.0 0 0
5.0 2.5 2.0 0 0
5.0 2.5 3.0 0 0
5.0 2.5 -0.5 0 0
5.0 2.5 -1.0 0 0
5.0 2.5 -2.0 0 0
5.0 2.5 -3.0 0 0
7.5 0.5 0.0 0 0
7.5 0.5 0.5 0 0
7.5 0.5 1.0 0 0
7.5 0.5 2.0 0 0
7.5 0.5 3.0 0 0
7.5 0.5 -0.5 0 0
7.5 0.5 -1.0 0 0
7.5 0.5 -2.0 0 0
7.5 0.5 -3.0 0 0
7.5 1.0 0.0 0 0
7.5 1.0 0.5 0 0
7.5 1.0 1.0 0 0
7.5 1.0 2.0 0 0
7.5 1.0 3.0 0 0
7.5 1.0 -0.5 0 0
7.5 1.0 -1.0 0 0
7.5 1.0 -2.0 0 0
7.5 1.0 -3.0 0 0
7.5 1.5 0.0 0 0
7.5 1.5 0.5 0 0
7.5 1.5 1.0 0 0
7.5 1.5 2.0 0 0
7.5 1.5 3.0 0 0
7.5 1.5 -0.5 0 0
7.5 1.5 -2.0 0 0
7.5 1.5 -3.0 0 0
7.5 2.0 0.0 0 0
7.5 2.0 0.5 0 0
7.5 2.0 1.0 0 0
7.5 2.0 2.0 0 0
7.5 2.0 3.0 0 0
7.5 2.0 -0.5 0 0
7.5 2.0 -1.0 0 0
7.5 2.0 -2.0 0 0
7.5 2.0 -3.0 0 0
7.5 2.5 0.0 0 0
7.5 2.5 0.5 0 0
7.5 2.5 1.0 0 0
7.5 2.5 2.0 0 0
7.5 2.5 3.0 0 0
7.5 2.5 -0.5 0 0
7.5 2.5 -1.0 0 0
7.5 2.5 -2.0 0 0
7.5 2.5 -3.0 0 0
-10.0 0.5 0.0 0 0
-10.0 0.5 0.5 0 0
-10.0 0.5 1.0 0 0
-10.0 0.5 2.0 0 0
-10.0 0.5 3.0 0 0
-10.0 0.5 -0.5 0 0
-10.0 0.5 -1.0 0 0
-10.0 0.5 -2.0 0 0
-10.0 0.5 -3.0 0 0
-10.0 1.0 0.0 0 0
-10.0 1.0 0.5 0 0
-10.0 1.0 1.0 0 0
-10.0 1.0 2.0 0 0
-10.0 1.0 3.0 0 0
-10.0 1.0 -0.5 0 0
-10.0 1.0 -1.0 0 0
-10.0 1.0 -2.0 0 0
-10.0 1.0 -3.0 0 0
-10.0 1.5 0.0 0 0
-10.0 1.5 0.5 0 0
-10.0 1.5 1.0 0 0
-10.0 1.5 2.0 0 0
-10.0 1.5 3.0 0 0
-10.0 1.5 -0.5 0 0
-10.0 1.5 -2.0 0 0
-10.0 1.5 -3.0 0 0
-10.0 2.0 0.0 0 0
-10.0 2.0 0.5 0 0
-10.0 2.0 1.0 0 0
-10.0 2.0 2.0 0 0
-10.0 2.0 3.0 0 0
-10.0 2.0 -0.5 0 0
-10.0 2.0 -1.0 0 0
-10.0 2.0 -2.0 0 0
-10.0 2.0 -3.0 0 0
-10.0 2.5 0.0 0 0
-10.0 2.5 0.5 0 0
-10.0 2.5 1.0 0 0
-10.0 2.5 2.0 0 0
-10.0 2.5 3.0 0 0
-10.0 2.5 -0.5 0 0
-10.0 2.5 -1.0 0 0
-10.0 2.5 -2.0 0 0
-10.0 2.5 -3.0 0 0
-12.5 0.5 0.0 0 0
-12.5 0.5 0.5 0 0
-12.5 0.5 1.0 0 0
-12.5 0.5 2.0 0 0
-12.5 0.5 3.0 0 0
-12.5 0.5 -0.5 0 0
-12.5 0.5 -1.0 0 0
-12.5 0.5 -2.0 0 0
-12.5 0.5 -3.0 0 0
-12.5 1.0 0.0 0 0
-12.5 1.0 0.5 0 0
-12.5 1.0 1.0 0 0
-12.5 1.0 2.0 0 0
-12.5 1.0 3.0 0 0
-12.5 1.0 -0.5 0 0
-12.5 1.0 -1.0 0 0
-12.5 1.0 -2.0 0 0
-12.5 1.0 -3.0 0 0
-12.5 1.5 0.0 0 0
-12.5 1.5 0.5 0 0
-12.5 1.5 1.0 0 0
-12.5 1.5 2.0 0 0
-12.5 1.5 3.0 0 0
-12.5 1.5 -0.5 0 0
-12.5 1.5 -2.0 0 0
-12.5 1.5 -3.0 0 0
-12.5 2.0 0.0 0 0
-12.5 2.0 0.5 0 0
-12.5 2.0 1.0 0 0
-12.5 2.0 2.0 0 0
-12.5 2.0 3.0 0 0
-12.5 2.0 -0.5 0 0
-12.5 2.0 -1.0 0 0
-12.5 2.0 -2.0 0 0
-12.5 2.0 -3.0 0 0
-12.5 2.5 0.5 0 0
-12.5 2.5 1.0 0 0
-12.5 2.5 2.0 0 0
-12.5 2.5 3.0 0 0
-12.5 2.5 -0.5 0 0
-12.5 2.5 -1.0 0 0
-12.5 2.5 -2.0 0 0
-15.0 0.5 0.0 0 0
-15.0 0.5 0.5 0 0
-15.0 0.5 1.0 0 0
-15.0 0.5 2.0 0 0
-15.0 0.5 3.0 0 0
-15.0 0.5 -0.5 0 0
-15.0 0.5 -1.0 0 0
-15.0 0.5 -2.0 0 0
-15.0 0.5 -3.0 0 0
-15.0 1.0 0.0 0 0
-15.0 1.0 0.5 0 0
-15.0 1.0 1.0 0 0
-15.0 1.0 2.0 0 0
-15.0 1.0 3.0 0 0
-15.0 1.0 -0.5 0 0
-15.0 1.0 -1.0 0 0
-15.0 1.0 -2.0 0 0
-15.0 1.0 -3.0 0 0
-15.0 1.5 0.0 0 0
-15.0 1.5 0.5 0 0
-15.0 1.5 1.0 0 0
-15.0 1.5 2.0 0 0
-15.0 1.5 3.0 0 0
-15.0 1.5 -0.5 0 0
-15.0 1.5 -2.0 0 0
-15.0 1.5 -3.0 0 0
-15.0 2.0 0.0 0 0
-15.0 2.0 0.5 0 0
-15.0 2.0 1.0 0 0
-15.0 2.0 2.0 0 0
-15.0 2.0 3.0 0 0
-15.0 2.0 -0.5 0 0
-15.0 2.0 -1.0 0 0
-15.0 2.0 -2.0 0 0
-15.0 2.0 -3.0 0 0
-15.0 2.5 0.0 0 0
-15.0 2.5 0.5 0 0
-15.0 2.5 1.0 0 0
-15.0 2.5 2.0 0 0
-15.0 2.5 3.0 0 0
-15.0 2.5 -0.5 0 0
-15.0 2.5 -1.0 0 0
-15.0 2.5 -2.0 0 0
-15.0 2.5 -3.0 0 0
-1.0 0.5 0.0 0 0
-1.0 0.75 0.0 0 0
-1.0 1.0 0.0 0 0
-1.0 1.25 0.0 0 0
-1.0 1.5 0.0 0 0
-1.0 1.75 0.0 0 0
-1.0 2.0 0.0 0 0
-1.0 2.25 0.0 0 0
-1.0 2.5 0.0 0 0
-2.4 0.5 0.0 0 0
-2.4 0.5 0.5 0 0
-2.4 0.5 1.0 0 0
-2.4 0.5 2.0 0 0
-2.4 0.5 3.0 0 0
-2.4 0.5 -0.5 0 0
-2.4 0.5 -1.0 0 0
-2.4 0.5 -2.0 0 0
-2.4 0.5 -3.0 0 0
-2.4 0.75 0.0 0 0
-2.4 1.0 0.0 0 0
-2.4 1.0 0.5 0 0
-2.4 1.0 1.0 0 0
-2.4 1.0 2.0 0 0
-2.4 1.0 3.0 0 0
-2.4 1.0 -0.5 0 0
-2.4 1.0 -1.0 0 0
-2.4 1.0 -2.0 0 0
-2.4 1.0 -3.0 0 0
-2.4 1.25 0.0 0 0
-2.4 1.5 0.0 0 0
-2.4 1.5 0.5 0 0
-2.4 1.5 1.0 0 0
-2.4 1.5 2.0 0 0
-2.4 1.5 3.0 0 0
-2.4 1.5 -0.5 0 0
-2.4 1.5 -2.0 0 0
-2.4 1.5 -3.0 0 0
-2.4 1.75 0.0 0 0
-2.4 2.0 0.0 0 0
-2.4 2.0 0.5 0 0
-2.4 2.0 1.0 0 0
-2.4 2.0 2.0 0 0
-2.4 2.0 3.0 0 0
-2.4 2.0 -0.5 0 0
-2.4 2.0 -1.0 0 0
-2.4 2.0 -2.0 0 0
-2.4 2.0 -3.0 0 0
-2.4 2.25 0.0 0 0
-2.4 2.5 0.0 0 0
-2.4 2.5 0.5 0 0
-2.4 2.5 1.0 0 0
-2.4 2.5 2.0 0 0
-2.4 2.5 3.0 0 0
-2.4 2.5 -0.5 0 0
-2.4 2.5 -1.0 0 0
-2.4 2.5 -2.0 0 0
-2.4 2.5 -3.0 0 0
-3.5 0.5 0.0 0 0
-3.5 0.75 0.0 0 0
-3.5 1.0 0.0 0 0
-3.5 1.25 0.0 0 0
-3.5 1.5 0.0 0 0
-3.5 1.75 0.0 0 0
-3.5 2.0 0.0 0 0
-3.5 2.25 0.0 0 0
-3.5 2.5 0.0 0 0
-5.0 0.5 0.0 0 0
-5.0 0.75 0.0 0 0
-5.0 1.25 0.0 0 0
-5.0 1.75 0.0 0 0
-5.0 2.25 0.0 0 0
-5 0.5 0.5 0 0
-5 0.5 1.0 0 0
-5 0.5 2.0 0 0
-5 0.5 3.0 0 0
-5 0.5 -0.5 0 0
-5 0.5 -1.0 0 0
-5 0.5 -2.0 0 0
-5 0.5 -3.0 0 0
-5 1.0 0.5 0 0
-5 1.0 1.0 0 0
-5 1.0 2.0 0 0
-5 1.0 3.0 0 0
-5 1.0 -0.5 0 0
-5 1.0 -1.0 0 0
-5 1.0 -2.0 0 0
-5 1.0 -3.0 0 0
-5 1.5 0.5 0 0
-5 1.5 1.0 0 0
-5 1.5 2.0 0 0
-5 1.5 3.0 0 0
-5 1.5 -0.5 0 0
-5 1.5 -2.0 0 0
-5 1.5 -3.0 0 0
-5 2.0 0.5 0 0
-5 2.0 1.0 0 0
-5 2.0 2.0 0 0
-5 2.0 3.0 0 0
-5 2.0 -0.5 0 0
-5 2.0 -1.0 0 0
-5 2.0 -2.0 0 0
-5 2.0 -3.0 0 0
-5 2.5 0.5 0 0
-5 2.5 1.0 0 0
-5 2.5 2.0 0 0
-5 2.5 3.0 0 0
-5 2.5 -0.5 0 0
-5 2.5 -1.0 0 0
-5 2.5 -2.0 0 0
-5 2.5 -3.0 0 0
-7.5 0.5 0.0 0 0
-7.5 0.5 0.5 0 0
-7.5 0.5 1.0 0 0
-7.5 0.5 2.0 0 0
-7.5 0.5 3.0 0 0
-7.5 0.5 -0.5 0 0
-7.5 0.5 -1.0 0 0
-7.5 0.5 -2.0 0 0
-7.5 0.5 -3.0 0 0
-7.5 1.0 0.0 0 0
-7.5 1.0 0.5 0 0
-7.5 1.0 1.0 0 0
-7.5 1.0 2.0 0 0
-7.5 1.0 3.0 0 0
-7.5 1.0 -0.5 0 0
-7.5 1.0 -1.0 0 0
-7.5 1.0 -2.0 0 0
-7.5 1.0 -3.0 0 0
-7.5 1.5 0.0 0 0
-7.5 1.5 0.5 0 0
-7.5 1.5 1.0 0 0
-7.5 1.5 2.0 0 0
-7.5 1.5 3.0 0 0
-7.5 1.5 -0.5 0 0
-7.5 1.5 -2.0 0 0
-7.5 1.5 -3.0 0 0
-7.5 2.0 0.0 0 0
-7.5 2.0 0.5 0 0
-7.5 2.0 1.0 0 0
-7.5 2.0 2.0 0 0
-7.5 2.0 3.0 0 0
-7.5 2.0 -0.5 0 0
-7.5 2.0 -1.0 0 0
-7.5 2.0 -2.0 0 0
-7.5 2.0 -3.0 0 0
-7.5 2.5 0.0 0 0
-7.5 2.5 0.5 0 0
-7.5 2.5 1.0 0 0
-7.5 2.5 2.0 0 0
-7.5 2.5 3.0 0 0
-7.5 2.5 -0.5 0 0
-7.5 2.5 -1.0 0 0
-7.5 2.5 -2.0 0 0
-7.5 2.5 -3.0 0 0 
10 0.5  0.0  -0.0525 0.0106
10 0.5  1.0  -0.0825 -0.0713
10 0.5  2.0  -0.113 -0.153
10 0.5  3.0  -0.143 -0.235
10 0.5  4.0  -0.173 -0.317
10 0.5  -1.0  -0.0225 0.0926
10 0.5  -2.0  0.00751 0.175
10 0.5  -3.0  0.0375 0.256
10 0.5  -4.0  0.0675 0.338
10 0.75  0.0  -0.0748 0.0172
10 0.75  1.0  -0.105 -0.0647
10 0.75  2.0  -0.135 -0.147
10 0.75  3.0  -0.165 -0.229
10 0.75  4.0  -0.195 -0.311
10 0.75  -1.0  -0.0448 0.0992
10 0.75  -2.0  -0.0148 0.181
10 0.75  -4.0  0.0453 0.345
10 1.0  0.0  -0.0944 0.0247
10 1.0  2.0  -0.154 -0.139
10 1.0  3.0  -0.184 -0.221
10 1.0  4.0  -0.214 -0.303
10 1.0  -1.0  -0.0644 0.107
10 1.0  -2.0  -0.0344 0.189
10 1.0  -3.0  -0.00436 0.271
10 1.0  -4.0  0.0256 0.352
10 1.25  0.0  -0.111 0.033
10 1.25  1.0  -0.141 -0.049
10 1.25  2.0  -0.171 -0.131
10 1.25  3.0  -0.201 -0.213
10 1.25  4.0  -0.231 -0.295
10 1.25  -1.0  -0.0813 0.115
10 1.25  -2.0  -0.0513 0.197
10 1.25  -3.0  -0.0213 0.279
10 1.25  -4.0  0.0087 0.361
10 1.5  0.0  -0.126 0.0421
10 1.5  1.0  -0.156 -0.0398
10 1.5  2.0  -0.186 -0.122
10 1.5  3.0  -0.216 -0.204
10 1.5  4.0  -0.246 -0.286
10 1.5  -1.0  -0.0956 0.124
10 1.5  -2.0  -0.0656 0.206
10 1.5  -3.0  -0.0356 0.288
10 1.5  -4.0  -0.00559 0.37
10 1.75  0.0  -0.137 0.0521
10 1.75  1.0  -0.167 -0.0298
10 1.75  2.0  -0.197 -0.112
10 1.75  3.0  -0.227 -0.194
10 1.75  4.0  -0.257 -0.276
10 1.75  -1.0  -0.107 0.134
10 1.75  -2.0  -0.0772 0.216
10 1.75  -3.0  -0.0472 0.298
10 1.75  -4.0  -0.0172 0.38
10 2.0  0.0  -0.146 0.0629
10 2.0  1.0  -0.176 -0.019
10 2.0  2.0  -0.206 -0.101
10 2.0  3.0  -0.236 -0.183
10 2.0  4.0  -0.266 -0.265
10 2.0  5.0  -0.296 -0.347
10 2.0  -1.0  -0.116 0.145
10 2.0  -2.0  -0.0862 0.227
10 2.0  -3.0  -0.0562 0.309
10 2.0  -4.0  -0.0262 0.391
10 2.25  0.0  -0.153 0.0746
10 2.25  1.0  -0.183 -0.00731
10 2.25  2.0  -0.213 -0.0893
10 2.25  3.0  -0.243 -0.171
10 2.25  5.0  -0.303 -0.335
10 2.25  -1.0  -0.123 0.157
10 2.25  -2.0  -0.0925 0.239
10 2.25  -3.0  -0.0625 0.32
10 2.25  -4.0  -0.0325 0.402
10 2.5  0.0  -0.156 0.0872
10 2.5  1.0  -0.186 0.00522
10 2.5  2.0  -0.216 -0.0767
10 2.5  3.0  -0.246 -0.159
10 2.5  4.0  -0.276 -0.241
10 2.5  5.0  -0.306 -0.323
10 2.5  -1.0  -0.126 0.169
10 2.5  -2.0  -0.0962 0.251
10 2.5  -3.0  -0.0662 0.333
15 0.5  0.0  -0.0543 0.0151
15 0.5  1.0  -0.0743 -0.0668
15 0.5  2.0  -0.0943 -0.149
15 0.5  3.0  -0.114 -0.231
15 0.5  4.0  -0.134 -0.313
15 0.5  -1.0  -0.0343 0.0971
15 0.5  -2.0  -0.0143 0.179
15 0.5  -3.0  0.00573 0.261
15 0.5  -4.0  0.0257 0.343
15 0.5  -5.0  0.0457 0.425
15 0.75  0.0  -0.0788 0.024
15 0.75  1.0  -0.0988 -0.058
15 0.75  2.0  -0.119 -0.14
15 0.75  3.0  -0.139 -0.222
15 0.75  4.0  -0.159 -0.304
15 0.75  -1.0  -0.0588 0.106
15 0.75  -2.0  -0.0388 0.188
15 0.75  -3.0  -0.0188 0.27
15 0.75  -4.0  0.00126 0.352
15 0.75  -5.0  0.0213 0.434
15 1.0  0.0  -0.101 0.0336
15 1.0  1.0  -0.121 -0.0483
15 1.0  2.0  -0.141 -0.13
15 1.0  3.0  -0.162 -0.212
15 1.0  4.0  -0.182 -0.294
15 1.0  -1.0  -0.0815 0.116
15 1.0  -2.0  -0.0615 0.198
15 1.0  -3.0  -0.0415 0.279
15 1.0  -4.0  -0.0215 0.361
15 1.0  -5.0  -0.00145 0.443
15 1.25  0.0  -0.122 0.0442
15 1.25  1.0  -0.142 -0.0378
15 1.25  2.0  -0.162 -0.12
15 1.25  4.0  -0.202 -0.284
15 1.25  -1.0  -0.102 0.126
15 1.25  -2.0  -0.0824 0.208
15 1.25  -3.0  -0.0624 0.29
15 1.25  -4.0  -0.0424 0.372
15 1.25  -5.0  -0.0224 0.454
15 1.5  0.0  -0.142 0.0555
15 1.5  1.0  -0.162 -0.0264
15 1.5  2.0  -0.182 -0.108
15 1.5  3.0  -0.202 -0.19
15 1.5  4.0  -0.222 -0.272
15 1.5  -1.0  -0.122 0.137
15 1.5  -2.0  -0.102 0.219
15 1.5  -3.0  -0.0816 0.301
15 1.5  -4.0  -0.0616 0.383
15 1.5  -5.0  -0.0416 0.465
15 1.75  0.0  -0.159 0.0678
15 1.75  1.0  -0.179 -0.0142
15 1.75  2.0  -0.199 -0.0961
15 1.75  3.0  -0.219 -0.178
15 1.75  4.0  -0.239 -0.26
15 1.75  -1.0  -0.139 0.15
15 1.75  -2.0  -0.119 0.232
15 1.75  -3.0  -0.099 0.314
15 1.75  -4.0  -0.079 0.396
15 1.75  -5.0  -0.0589 0.477
15 2.0  0.0  -0.175 0.0808
15 2.0  1.0  -0.195 -0.00109
15 2.0  2.0  -0.215 -0.083
15 2.0  3.0  -0.235 -0.165
15 2.0  4.0  -0.255 -0.247
15 2.0  -1.0  -0.155 0.163
15 2.0  -2.0  -0.135 0.245
15 2.0  -3.0  -0.115 0.327
15 2.0  -4.0  -0.0946 0.409
15 2.0  -5.0  -0.0746 0.491
15 2.25  0.0  -0.188 0.0948
15 2.25  1.0  -0.208 0.0128
15 2.25  2.0  -0.228 -0.0691
15 2.25  3.0  -0.248 -0.151
15 2.25  4.0  -0.268 -0.233
15 2.25  -1.0  -0.168 0.177
15 2.25  -2.0  -0.148 0.259
15 2.25  -3.0  -0.128 0.341
15 2.25  -4.0  -0.108 0.423
15 2.5  0.0  -0.201 0.11
15 2.5  1.0  -0.221 0.0276
15 2.5  -1.0  -0.181 0.191
15 2.5  -2.0  -0.161 0.273
15 2.5  -3.0  -0.141 0.355
15 2.5  -4.0  -0.12 0.437
1.0 0.5  0.0  -0.00465 0.00259
1.0 0.5  1.0  -0.305 -0.0794
1.0 0.5  2.0  -0.605 -0.161
1.0 0.5  3.0  -0.905 -0.243
1.0 0.5  4.0  -1.0 -0.378
1.0 0.5  -1.0  0.295 0.0845
1.0 0.5  -2.0  0.596 0.166
1.0 0.5  -3.0  0.896 0.248
1.0 0.5  -4.0  1.0 0.381
1.0 0.75  0.0  0.0329 0.00516
1.0 0.75  1.0  -0.267 -0.0768
1.0 0.75  2.0  -0.567 -0.159
1.0 0.75  3.0  -0.867 -0.241
1.0 0.75  4.0  -1.0 -0.366
1.0 0.75  -1.0  0.333 0.0871
1.0 0.75  -2.0  0.633 0.169
1.0 0.75  -3.0  0.933 0.251
1.0 0.75  -4.0  1.0 0.393
1.0 1.0  0.0  0.00273 0.00858
1.0 1.0  0.0  0.0971 0.00858
1.0 1.0  0.0  0.0971 0.054
1.0 1.0  0.0  0.0971 0.0728
1.0 1.0  0.0  0.0971 0.0994
1.0 1.0  0.0  0.0971 0.137
1.0 1.0  0.0  0.0971 0.19
1.0 1.0  0.0  0.0971 0.266
1.0 1.0  0.0  0.0971 0.372
1.0 1.0  0.0  0.0971 0.522
1.0 1.0  0.0  0.0971 0.735
1.0 1.0  0.0  0.0971 -0.0235
1.0 1.0  0.0  0.0971 -0.0368
1.0 1.0  0.0  0.0971 -0.0557
1.0 1.0  0.0  0.0971 -0.0823
1.0 1.0  0.0  0.0971 -0.12
1.0 1.0  0.0  0.0971 -0.173
1.0 1.0  0.0  0.0971 -0.248
1.0 1.0  0.0  0.0971 -0.355
1.0 1.0  0.0  0.0971 -0.505
1.0 1.0  0.0  0.0971 -0.718
1.0 1.0  0.0  0.191 0.00858
1.0 1.0  0.0  0.23 0.00858
1.0 1.0  0.0  0.286 0.00858
1.0 1.0  0.0  0.364 0.00858
1.0 1.0  0.0  0.474 0.00858
1.0 1.0  0.0  0.631 0.00858
1.0 1.0  0.0  0.852 0.00858
1.0 1.0  0.0  -0.0363 0.00858
1.0 1.0  0.0  -0.0916 0.00858
1.0 1.0  0.0  -0.17 0.00858
1.0 1.0  0.0  -0.28 0.00858
1.0 1.0  0.0  -0.437 0.00858
1.0 1.0  0.0  -0.658 0.00858
1.0 1.0  0.0  -0.97 0.00858
1.0 1.0  1.0  -0.203 -0.0734
1.0 1.0  2.0  -0.503 -0.155
1.0 1.0  3.0  -0.803 -0.237
1.0 1.0  4.0  -1.0 -0.346
1.0 1.0  5.0  -1.0 -0.505
1.0 1.0  -1.0  0.397 0.0905
1.0 1.0  -2.0  0.697 0.172
1.0 1.0  -3.0  0.997 0.254
1.0 1.0  -4.0  1.0 0.413
1.0 1.25  0.0  0.188 0.0128
1.0 1.25  1.0  -0.112 -0.0691
1.0 1.25  2.0  -0.412 -0.151
1.0 1.25  3.0  -0.713 -0.233
1.0 1.25  4.0  -1.0 -0.318
1.0 1.25  5.0  -1.0 -0.477
1.0 1.25  -1.0  0.488 0.0948
1.0 1.25  -3.0  1.0 0.281
1.0 1.25  -4.0  1.0 0.44
1.0 1.5  0.0  0.305 0.018
1.0 1.5  1.0  0.00502 -0.064
1.0 1.5  2.0  -0.295 -0.146
1.0 1.5  3.0  -0.595 -0.228
1.0 1.5  4.0  -0.895 -0.31
1.0 1.5  5.0  -1.0 -0.442
1.0 1.5  -1.0  0.605 0.0999
1.0 1.5  -2.0  0.905 0.182
1.0 1.5  -3.0  1.0 0.317
1.0 1.75  0.0  0.449 0.0239
1.0 1.75  1.0  0.149 -0.058
1.0 1.75  2.0  -0.151 -0.14
1.0 1.75  3.0  -0.451 -0.222
1.0 1.75  4.0  -0.751 -0.304
1.0 1.75  5.0  -1.0 -0.399
1.0 1.75  -1.0  0.749 0.106
1.0 1.75  -2.0  1.0 0.2
1.0 1.75  -3.0  1.0 0.359
1.0 2.0  0.0  0.62 0.0307
1.0 2.0  1.0  0.319 -0.0512
1.0 2.0  2.0  0.0193 -0.133
1.0 2.0  3.0  -0.281 -0.215
1.0 2.0  4.0  -0.581 -0.297
1.0 2.0  5.0  -0.881 -0.379
1.0 2.0  6.0  -1.0 -0.507
1.0 2.0  -1.0  0.92 0.113
1.0 2.0  -2.0  1.0 0.251
1.0 2.0  -3.0  1.0 0.41
1.0 2.25  0.0  0.817 0.0384
1.0 2.25  1.0  0.517 -0.0436
1.0 2.25  2.0  0.216 -0.126
1.0 2.25  3.0  -0.0837 -0.207
1.0 2.25  4.0  -0.384 -0.289
1.0 2.25  5.0  -0.684 -0.371
1.0 2.25  6.0  -0.984 -0.453
1.0 2.25  -1.0  1.0 0.15
1.0 2.25  -2.0  1.0 0.309
1.0 2.5  0.0  1.0 0.0572
1.0 2.5  1.0  0.74 -0.0351
1.0 2.5  3.0  0.14 -0.199
1.0 2.5  4.0  -0.16 -0.281
1.0 2.5  5.0  -0.46 -0.363
1.0 2.5  6.0  -0.76 -0.445
1.0 2.5  -1.0  1.0 0.216
1.0 2.5  -2.0  1.0 0.375
2.4 0.5  0.0  -0.0357 0.00384
2.4 0.5  1.0  -0.161 -0.0781
2.4 0.5  2.0  -0.286 -0.16
2.4 0.5  3.0  -0.411 -0.242
2.4 0.5  4.0  -0.536 -0.324
2.4 0.5  -1.0  0.0894 0.0858
2.4 0.5  -2.0  0.214 0.168
2.4 0.5  -3.0  0.339 0.25
2.4 0.5  -4.0  0.464 0.332
2.4 0.75  0.0  -0.0369 0.00704
2.4 0.75  1.0  -0.162 -0.0749
2.4 0.75  2.0  -0.287 -0.157
2.4 0.75  3.0  -0.412 -0.239
2.4 0.75  4.0  -0.537 -0.321
2.4 0.75  -1.0  0.0881 0.089
2.4 0.75  -2.0  0.213 0.171
2.4 0.75  -3.0  0.338 0.253
2.4 0.75  -4.0  0.463 0.335
2.4 1.0  0.0  -0.027 0.0111
2.4 1.0  1.0  -0.152 -0.0709
2.4 1.0  2.0  -0.277 -0.153
2.4 1.0  3.0  -0.402 -0.235
2.4 1.0  4.0  -0.527 -0.317
2.4 1.0  -1.0  0.098 0.093
2.4 1.0  -2.0  0.223 0.175
2.4 1.0  -3.0  0.348 0.257
2.4 1.0  -4.0  0.473 0.339
2.4 1.25  0.0  -0.00609 0.016
2.4 1.25  1.0  -0.131 -0.066
2.4 1.25  2.0  -0.256 -0.148
2.4 1.25  3.0  -0.381 -0.23
2.4 1.25  4.0  -0.506 -0.312
2.4 1.25  5.0  -0.631 -0.394
2.4 1.25  -1.0  0.119 0.0979
2.4 1.25  -2.0  0.244 0.18
2.4 1.25  -3.0  0.369 0.262
2.4 1.25  -4.0  0.494 0.344
2.4 1.5  0.0  0.0259 0.0217
2.4 1.5  1.0  -0.0991 -0.0602
2.4 1.5  2.0  -0.224 -0.142
2.4 1.5  4.0  -0.474 -0.306
2.4 1.5  5.0  -0.599 -0.388
2.4 1.5  -1.0  0.151 0.104
2.4 1.5  -2.0  0.276 0.186
2.4 1.5  -3.0  0.401 0.268
2.4 1.5  -4.0  0.526 0.349
2.4 1.75  0.0  0.069 0.0283
2.4 1.75  1.0  -0.056 -0.0536
2.4 1.75  2.0  -0.181 -0.136
2.4 1.75  3.0  -0.306 -0.218
2.4 1.75  4.0  -0.431 -0.299
2.4 1.75  5.0  -0.556 -0.381
2.4 1.75  -1.0  0.194 0.11
2.4 1.75  -2.0  0.319 0.192
2.4 1.75  -3.0  0.444 0.274
2.4 2.0  0.0  0.123 0.0357
2.4 2.0  1.0  -0.00184 -0.0462
2.4 2.0  2.0  -0.127 -0.128
2.4 2.0  3.0  -0.252 -0.21
2.4 2.0  4.0  -0.377 -0.292
2.4 2.0  5.0  -0.502 -0.374
2.4 2.0  6.0  -0.627 -0.456
2.4 2.0  -1.0  0.248 0.118
2.4 2.0  -2.0  0.373 0.2
2.4 2.0  -3.0  0.498 0.282
2.4 2.25  0.0  0.188 0.044
2.4 2.25  1.0  0.0634 -0.0379
2.4 2.25  2.0  -0.0616 -0.12
2.4 2.25  3.0  -0.187 -0.202
2.4 2.25  4.0  -0.312 -0.284
2.4 2.25  5.0  -0.437 -0.366
2.4 2.25  6.0  -0.562 -0.448
2.4 2.25  -1.0  0.314 0.126
2.4 2.25  -2.0  0.439 0.208
2.4 2.5  0.0  0.265 0.0532
2.4 2.5  1.0  0.14 -0.0288
2.4 2.5  2.0  0.0147 -0.111
2.4 2.5  3.0  -0.11 -0.193
2.4 2.5  4.0  -0.235 -0.275
2.4 2.5  5.0  -0.36 -0.357
2.4 2.5  6.0  -0.485 -0.439
2.4 2.5  -1.0  0.39 0.135
2.4 2.5  -2.0  0.515 0.217
5.0 0.5  0.0  -0.0472 0.00617
5.0 0.5  1.0  -0.107 -0.0758
5.0 0.5  2.0  -0.167 -0.158
5.0 0.5  3.0  -0.227 -0.24
5.0 0.5  4.0  -0.287 -0.322
5.0 0.5  -1.0  0.0128 0.0881
5.0 0.5  -2.0  0.0728 0.17
5.0 0.5  -3.0  0.133 0.252
5.0 0.5  -4.0  0.193 0.334
5.0 0.75  0.0  -0.0628 0.0105
5.0 0.75  1.0  -0.123 -0.0714
5.0 0.75  2.0  -0.183 -0.153
5.0 0.75  3.0  -0.243 -0.235
5.0 0.75  4.0  -0.303 -0.317
5.0 0.75  -1.0  -0.0028 0.0925
5.0 0.75  -2.0  0.0572 0.174
5.0 0.75  -3.0  0.117 0.256
5.0 1.0  0.0  -0.0731 0.0157
5.0 1.0  1.0  -0.133 -0.0662
5.0 1.0  2.0  -0.193 -0.148
5.0 1.0  3.0  -0.253 -0.23
5.0 1.0  4.0  -0.313 -0.312
5.0 1.0  -1.0  -0.0131 0.0977
5.0 1.0  -2.0  0.0469 0.18
5.0 1.0  -3.0  0.107 0.262
5.0 1.0  -4.0  0.167 0.344
5.0 1.25  0.0  -0.0781 0.0218
5.0 1.25  1.0  -0.138 -0.0602
5.0 1.25  2.0  -0.198 -0.142
5.0 1.25  3.0  -0.258 -0.224
5.0 1.25  4.0  -0.318 -0.306
5.0 1.25  -1.0  -0.0181 0.104
5.0 1.25  -2.0  0.0419 0.186
5.0 1.25  -3.0  0.102 0.268
5.0 1.25  -4.0  0.162 0.35
5.0 1.5  0.0  -0.0778 0.0287
5.0 1.5  1.0  -0.138 -0.0532
5.0 1.5  2.0  -0.198 -0.135
5.0 1.5  3.0  -0.258 -0.217
5.0 1.5  4.0  -0.318 -0.299
5.0 1.5  5.0  -0.378 -0.381
5.0 1.5  -1.0  -0.0178 0.111
5.0 1.5  -2.0  0.0423 0.193
5.0 1.5  -3.0  0.102 0.275
5.0 1.5  -4.0  0.162 0.356
5.0 1.75  0.0  -0.0721 0.0364
5.0 1.75  1.0  -0.132 -0.0455
5.0 1.75  2.0  -0.192 -0.127
5.0 1.75  3.0  -0.252 -0.209
5.0 1.75  4.0  -0.312 -0.291
5.0 1.75  5.0  -0.372 -0.373
5.0 1.75  -1.0  -0.0121 0.118
5.0 1.75  -2.0  0.0479 0.2
5.0 1.75  -3.0  0.108 0.282
5.0 1.75  -4.0  0.168 0.364
5.0 2.0  0.0  -0.0612 0.045
5.0 2.0  1.0  -0.121 -0.0369
5.0 2.0  2.0  -0.181 -0.119
5.0 2.0  3.0  -0.241 -0.201
5.0 2.0  4.0  -0.301 -0.283
5.0 2.0  5.0  -0.361 -0.365
5.0 2.0  -2.0  0.0589 0.209
5.0 2.0  -3.0  0.119 0.291
5.0 2.25  0.0  -0.0449 0.0545
5.0 2.25  1.0  -0.105 -0.0274
5.0 2.25  2.0  -0.165 -0.109
5.0 2.25  3.0  -0.225 -0.191
5.0 2.25  4.0  -0.285 -0.273
5.0 2.25  5.0  -0.345 -0.355
5.0 2.25  6.0  -0.405 -0.437
5.0 2.25  -1.0  0.0152 0.136
5.0 2.25  -2.0  0.0752 0.218
5.0 2.25  -3.0  0.135 0.3
5.0 2.5  0.0  -0.0233 0.0648
5.0 2.5  1.0  -0.0833 -0.0172
5.0 2.5  2.0  -0.143 -0.0991
5.0 2.5  3.0  -0.203 -0.181
5.0 2.5  4.0  -0.263 -0.263
5.0 2.5  5.0  -0.323 -0.345
5.0 2.5  6.0  -0.383 -0.427
5.0 2.5  -1.0  0.0368 0.147
5.0 2.5  -2.0  0.0968 0.229
-10 0.5  0.0  -0.0631 -0.00725
-10 0.5  1.0  -0.0331 -0.0892
-10 0.5  2.0  -0.00313 -0.171
-10 0.5  3.0  0.0269 -0.253
-10 0.5  4.0  0.0569 -0.335
-10 0.5  5.0  0.0869 -0.417
-10 0.5  -1.0  -0.0932 0.0747
-10 0.5  -2.0  -0.123 0.157
-10 0.5  -3.0  -0.153 0.239
-10 0.5  -4.0  -0.183 0.321
-10 0.75  0.0  -0.0987 -0.00961
-10 0.75  1.0  -0.0687 -0.0916
-10 0.75  2.0  -0.0387 -0.173
-10 0.75  3.0  -0.00868 -0.255
-10 0.75  4.0  0.0213 -0.337
-10 0.75  -1.0  -0.129 0.0723
-10 0.75  -2.0  -0.159 0.154
-10 0.75  -3.0  -0.189 0.236
-10 1.0  0.0  -0.137 -0.0111
-10 1.0  1.0  -0.107 -0.0931
-10 1.0  2.0  -0.0769 -0.175
-10 1.0  3.0  -0.0469 -0.257
-10 1.0  4.0  -0.0169 -0.339
-10 1.0  5.0  0.0131 -0.421
-10 1.0  -1.0  -0.167 0.0708
-10 1.0  -2.0  -0.197 0.153
-10 1.0  -3.0  -0.227 0.235
-10 1.25  0.0  -0.178 -0.0118
-10 1.25  1.0  -0.148 -0.0937
-10 1.25  2.0  -0.118 -0.176
-10 1.25  3.0  -0.0878 -0.258
-10 1.25  4.0  -0.0578 -0.34
-10 1.25  5.0  -0.0278 -0.421
-10 1.25  6.0  0.00224 -0.503
-10 1.25  -1.0  -0.208 0.0702
-10 1.25  -2.0  -0.238 0.152
-10 1.25  -3.0  -0.268 0.234
-10 1.5  0.0  -0.221 -0.0116
-10 1.5  1.0  -0.191 -0.0935
-10 1.5  2.0  -0.161 -0.175
-10 1.5  3.0  -0.131 -0.257
-10 1.5  4.0  -0.101 -0.339
-10 1.5  5.0  -0.0713 -0.421
-10 1.5  6.0  -0.0413 -0.503
-10 1.5  -1.0  -0.251 0.0704
-10 1.5  -2.0  -0.281 0.152
-10 1.75  0.0  -0.268 -0.0105
-10 1.75  1.0  -0.238 -0.0925
-10 1.75  2.0  -0.208 -0.174
-10 1.75  3.0  -0.178 -0.256
-10 1.75  4.0  -0.148 -0.338
-10 1.75  5.0  -0.118 -0.42
-10 1.75  6.0  -0.0875 -0.502
-10 1.75  -1.0  -0.298 0.0714
-10 1.75  -2.0  -0.328 0.153
-10 2.0  0.0  -0.316 -0.00866
-10 2.0  1.0  -0.286 -0.0906
-10 2.0  2.0  -0.256 -0.173
-10 2.0  3.0  -0.226 -0.254
-10 2.0  4.0  -0.196 -0.336
-10 2.0  5.0  -0.166 -0.418
-10 2.0  6.0  -0.136 -0.5
-10 2.0  7.0  -0.106 -0.582
-10 2.0  -1.0  -0.346 0.0733
-10 2.25  0.0  -0.368 -0.00592
-10 2.25  1.0  -0.338 -0.0879
-10 2.25  3.0  -0.278 -0.252
-10 2.25  4.0  -0.248 -0.334
-10 2.25  5.0  -0.218 -0.416
-10 2.25  6.0  -0.188 -0.498
-10 2.25  7.0  -0.158 -0.58
-10 2.5  1.0  -0.392 -0.0843
-10 2.5  2.0  -0.362 -0.166
-10 2.5  3.0  -0.332 -0.248
-10 2.5  4.0  -0.302 -0.33
-10 2.5  5.0  -0.272 -0.412
-10 2.5  6.0  -0.242 -0.494
-10 2.5  7.0  -0.212 -0.576
-10 2.5  8.0  -0.182 -0.658
-15 0.5  0.0  -0.0614 -0.0117
-15 0.5  1.0  -0.0414 -0.0937
-15 0.5  2.0  -0.0214 -0.176
-15 0.5  3.0  -0.00136 -0.258
-15 0.5  4.0  0.0186 -0.339
-15 0.5  5.0  0.0387 -0.421
-15 0.5  -1.0  -0.0814 0.0702
-15 0.5  -2.0  -0.101 0.152
-15 0.5  -3.0  -0.121 0.234
-15 0.5  -4.0  -0.141 0.316
-15 0.75  0.0  -0.0947 -0.0163
-15 0.75  1.0  -0.0747 -0.0983
-15 0.75  2.0  -0.0547 -0.18
-15 0.75  3.0  -0.0347 -0.262
-15 0.75  4.0  -0.0147 -0.344
-15 0.75  5.0  0.00531 -0.426
-15 0.75  -1.0  -0.115 0.0656
-15 0.75  -2.0  -0.135 0.148
-15 0.75  -3.0  -0.155 0.23
-15 1.0  0.0  -0.13 -0.0201
-15 1.0  1.0  -0.11 -0.102
-15 1.0  2.0  -0.0898 -0.184
-15 1.0  3.0  -0.0698 -0.266
-15 1.0  4.0  -0.0498 -0.348
-15 1.0  5.0  -0.0298 -0.43
-15 1.0  6.0  -0.0098 -0.512
-15 1.0  -1.0  -0.15 0.0619
-15 1.0  -2.0  -0.17 0.144
-15 1.0  -3.0  -0.19 0.226
-15 1.25  0.0  -0.167 -0.023
-15 1.25  1.0  -0.147 -0.105
-15 1.25  2.0  -0.127 -0.187
-15 1.25  3.0  -0.107 -0.269
-15 1.25  4.0  -0.0867 -0.351
-15 1.25  5.0  -0.0667 -0.433
-15 1.25  6.0  -0.0467 -0.515
-15 1.25  -1.0  -0.187 0.059
-15 1.25  -2.0  -0.207 0.141
-15 1.5  0.0  -0.205 -0.025
-15 1.5  1.0  -0.185 -0.107
-15 1.5  2.0  -0.165 -0.189
-15 1.5  3.0  -0.145 -0.271
-15 1.5  4.0  -0.125 -0.353
-15 1.5  5.0  -0.105 -0.435
-15 1.5  6.0  -0.0854 -0.517
-15 1.5  -1.0  -0.225 0.0569
-15 1.5  -2.0  -0.245 0.139
-15 1.75  1.0  -0.226 -0.108
-15 1.75  2.0  -0.206 -0.19
-15 1.75  3.0  -0.186 -0.272
-15 1.75  4.0  -0.166 -0.354
-15 1.75  5.0  -0.146 -0.436
-15 1.75  6.0  -0.126 -0.518
-15 1.75  7.0  -0.106 -0.6
-15 1.75  -1.0  -0.266 0.0557
-15 2.0  0.0  -0.288 -0.0266
-15 2.0  1.0  -0.268 -0.109
-15 2.0  2.0  -0.248 -0.19
-15 2.0  3.0  -0.228 -0.272
-15 2.0  4.0  -0.208 -0.354
-15 2.0  5.0  -0.188 -0.436
-15 2.0  6.0  -0.168 -0.518
-15 2.0  7.0  -0.148 -0.6
-15 2.25  1.0  -0.312 -0.108
-15 2.25  2.0  -0.292 -0.19
-15 2.25  3.0  -0.272 -0.272
-15 2.25  4.0  -0.252 -0.354
-15 2.25  5.0  -0.232 -0.436
-15 2.25  6.0  -0.212 -0.518
-15 2.25  7.0  -0.192 -0.6
-15 2.25  8.0  -0.172 -0.682
-15 2.5  2.0  -0.338 -0.189
-15 2.5  3.0  -0.318 -0.271
-15 2.5  4.0  -0.298 -0.352
-15 2.5  5.0  -0.278 -0.434
-15 2.5  6.0  -0.258 -0.516
-15 2.5  7.0  -0.238 -0.598
-15 2.5  8.0  -0.218 -0.68
-1 0.5  0.0  -0.111 0.000801
-1 0.5  1.0  0.189 -0.0811
-1 0.5  2.0  0.489 -0.163
-1 0.5  3.0  0.789 -0.245
-1 0.5  4.0  1.0 -0.35
-1 0.5  -1.0  -0.411 0.0827
-1 0.5  -2.0  -0.711 0.165
-1 0.5  -3.0  -1.0 0.25
-1 0.5  -4.0  -1.0 0.409
-1 0.75  0.0  -0.206 0.00247
-1 0.75  1.0  0.0937 -0.0795
-1 0.75  3.0  0.694 -0.243
-1 0.75  4.0  0.994 -0.325
-1 0.75  -1.0  -0.507 0.0844
-1 0.75  -2.0  -0.807 0.166
-1 0.75  -3.0  -1.0 0.276
-1 0.75  -4.0  -1.0 0.435
-1 1.0  0.0  -0.328 0.005
-1 1.0  1.0  -0.0283 -0.0769
-1 1.0  2.0  0.272 -0.159
-1 1.0  3.0  0.572 -0.241
-1 1.0  4.0  0.872 -0.323
-1 1.0  5.0  1.0 -0.449
-1 1.0  -1.0  -0.628 0.0869
-1 1.0  -2.0  -0.929 0.169
-1 1.0  -3.0  -1.0 0.31
-1 1.0  -4.0  -1.0 0.469
-1 1.25  0.0  -0.477 0.00837
-1 1.25  1.0  -0.177 -0.0736
-1 1.25  2.0  0.123 -0.156
-1 1.25  3.0  0.423 -0.237
-1 1.25  4.0  0.723 -0.319
-1 1.25  5.0  1.0 -0.407
-1 1.25  -1.0  -0.777 0.0903
-1 1.25  -2.0  -1.0 0.192
-1 1.25  -3.0  -1.0 0.351
-1 1.5  0.0  -0.652 0.0126
-1 1.5  1.0  -0.352 -0.0694
-1 1.5  2.0  -0.0519 -0.151
-1 1.5  3.0  0.248 -0.233
-1 1.5  4.0  0.548 -0.315
-1 1.5  5.0  0.848 -0.397
-1 1.5  -1.0  -0.952 0.0945
-1 1.5  -2.0  -1.0 0.241
-1 1.5  -3.0  -1.0 0.4
-1 1.75  0.0  -0.854 0.0176
-1 1.75  1.0  -0.554 -0.0643
-1 1.75  2.0  -0.254 -0.146
-1 1.75  3.0  0.0464 -0.228
-1 1.75  4.0  0.347 -0.31
-1 1.75  5.0  0.647 -0.392
-1 1.75  6.0  0.947 -0.474
-1 1.75  -1.0  -1.0 0.139
-1 1.75  -2.0  -1.0 0.298
-1 1.75  -3.0  -1.0 0.457
-1 2.0  0.0  -1.0 0.0447
-1 2.0  1.0  -0.782 -0.0584
-1 2.0  2.0  -0.482 -0.14
-1 2.0  3.0  -0.182 -0.222
-1 2.0  4.0  0.118 -0.304
-1 2.0  5.0  0.418 -0.386
-1 2.0  -1.0  -1.0 0.204
-1 2.0  -2.0  -1.0 0.363
-1 2.25  0.0  -1.0 0.117
-1 2.25  1.0  -1.0 -0.0421
-1 2.25  2.0  -0.737 -0.134
-1 2.25  3.0  -0.437 -0.216
-1 2.25  4.0  -0.137 -0.297
-1 2.25  5.0  0.163 -0.379
-1 2.25  6.0  0.463 -0.461
-1 2.25  -1.0  -1.0 0.276
-1 2.25  -2.0  -1.0 0.435
-1 2.5  0.0  -1.0 0.197
-1 2.5  1.0  -1.0 0.0378
-1 2.5  2.0  -1.0 -0.121
-1 2.5  3.0  -0.718 -0.208
-1 2.5  4.0  -0.418 -0.29
-1 2.5  5.0  -0.118 -0.372
-1 2.5  6.0  0.182 -0.454
-1 2.5  7.0  0.482 -0.536
-1 2.5  -1.0  -1.0 0.356
-2.4 0.5  0.0  -0.08 -0.000452
-2.4 0.5  1.0  0.0451 -0.0824
-2.4 0.5  2.0  0.17 -0.164
-2.4 0.5  3.0  0.295 -0.246
-2.4 0.5  4.0  0.42 -0.328
-2.4 0.5  -1.0  -0.205 0.0815
-2.4 0.5  -3.0  -0.455 0.245
-2.4 0.5  -4.0  -0.58 0.327
-2.4 0.75  0.0  -0.137 0.000595
-2.4 0.75  1.0  -0.0116 -0.0813
-2.4 0.75  2.0  0.113 -0.163
-2.4 0.75  3.0  0.239 -0.245
-2.4 0.75  4.0  0.364 -0.327
-2.4 0.75  5.0  0.489 -0.409
-2.4 0.75  -1.0  -0.262 0.0825
-2.4 0.75  -2.0  -0.387 0.164
-2.4 0.75  -3.0  -0.512 0.246
-2.4 0.75  -4.0  -0.637 0.328
-2.4 1.0  0.0  -0.204 0.00249
-2.4 1.0  1.0  -0.0793 -0.0795
-2.4 1.0  2.0  0.0458 -0.161
-2.4 1.0  3.0  0.171 -0.243
-2.4 1.0  4.0  0.296 -0.325
-2.4 1.0  5.0  0.421 -0.407
-2.4 1.0  -1.0  -0.329 0.0844
-2.4 1.0  -2.0  -0.454 0.166
-2.4 1.0  -3.0  -0.579 0.248
-2.4 1.0  -4.0  -0.704 0.33
-2.4 1.25  0.0  -0.283 0.00523
-2.4 1.25  1.0  -0.158 -0.0767
-2.4 1.25  2.0  -0.033 -0.159
-2.4 1.25  3.0  0.0921 -0.241
-2.4 1.25  4.0  0.217 -0.323
-2.4 1.25  5.0  0.342 -0.404
-2.4 1.25  -1.0  -0.408 0.0872
-2.4 1.25  -2.0  -0.533 0.169
-2.4 1.25  -3.0  -0.658 0.251
-2.4 1.5  0.0  -0.373 0.00882
-2.4 1.5  1.0  -0.248 -0.0731
-2.4 1.5  2.0  -0.123 -0.155
-2.4 1.5  3.0  0.00221 -0.237
-2.4 1.5  4.0  0.127 -0.319
-2.4 1.5  5.0  0.252 -0.401
-2.4 1.5  -1.0  -0.498 0.0908
-2.4 1.5  -2.0  -0.623 0.173
-2.4 1.5  -3.0  -0.748 0.255
-2.4 1.75  0.0  -0.474 0.0133
-2.4 1.75  2.0  -0.224 -0.151
-2.4 1.75  3.0  -0.0987 -0.233
-2.4 1.75  4.0  0.0263 -0.315
-2.4 1.75  5.0  0.151 -0.396
-2.4 1.75  6.0  0.276 -0.478
-2.4 1.75  -1.0  -0.599 0.0952
-2.4 1.75  -2.0  -0.724 0.177
-2.4 1.75  -3.0  -0.849 0.259
-2.4 2.0  0.0  -0.586 0.0186
-2.4 2.0  1.0  -0.461 -0.0634
-2.4 2.0  2.0  -0.336 -0.145
-2.4 2.0  3.0  -0.211 -0.227
-2.4 2.0  4.0  -0.0857 -0.309
-2.4 2.0  5.0  0.0394 -0.391
-2.4 2.0  6.0  0.164 -0.473
-2.4 2.0  -1.0  -0.711 0.1
-2.4 2.0  -2.0  -0.836 0.182
-2.4 2.25  0.0  -0.709 0.0247
-2.4 2.25  1.0  -0.584 -0.0573
-2.4 2.25  2.0  -0.459 -0.139
-2.4 2.25  3.0  -0.334 -0.221
-2.4 2.25  4.0  -0.209 -0.303
-2.4 2.25  5.0  -0.0837 -0.385
-2.4 2.25  6.0  0.0413 -0.467
-2.4 2.25  7.0  0.166 -0.549
-2.4 2.25  -1.0  -0.834 0.107
-2.4 2.25  -2.0  -0.959 0.189
-2.4 2.5  0.0  -0.843 0.0317
-2.4 2.5  1.0  -0.718 -0.0503
-2.4 2.5  2.0  -0.593 -0.132
-2.4 2.5  3.0  -0.468 -0.214
-2.4 2.5  4.0  -0.343 -0.296
-2.4 2.5  5.0  -0.218 -0.378
-2.4 2.5  6.0  -0.0929 -0.46
-2.4 2.5  7.0  0.0322 -0.542
-2.4 2.5  -1.0  -0.968 0.114
-5.0 0.5  0.0  -0.0685 -0.00278
-5.0 0.5  1.0  -0.00845 -0.0847
-5.0 0.5  2.0  0.0516 -0.167
-5.0 0.5  3.0  0.112 -0.249
-5.0 0.5  4.0  0.172 -0.331
-5.0 0.5  -1.0  -0.128 0.0792
-5.0 0.5  -2.0  -0.189 0.161
-5.0 0.5  -3.0  -0.249 0.243
-5.0 0.5  -4.0  -0.309 0.325
-5.0 0.75  0.0  -0.111 -0.0029
-5.0 0.75  1.0  -0.0507 -0.0848
-5.0 0.75  2.0  0.00936 -0.167
-5.0 0.75  3.0  0.0694 -0.249
-5.0 0.75  4.0  0.129 -0.331
-5.0 0.75  5.0  0.189 -0.413
-5.0 0.75  -1.0  -0.171 0.079
-5.0 0.75  -2.0  -0.231 0.161
-5.0 0.75  -3.0  -0.291 0.243
-5.0 0.75  -4.0  -0.351 0.325
-5.0 1.0  0.0  -0.158 -0.00216
-5.0 1.0  1.0  -0.0982 -0.0841
-5.0 1.0  2.0  -0.0382 -0.166
-5.0 1.0  3.0  0.0219 -0.248
-5.0 1.0  4.0  0.0819 -0.33
-5.0 1.0  5.0  0.142 -0.412
-5.0 1.0  -1.0  -0.218 0.0798
-5.0 1.0  -2.0  -0.278 0.162
-5.0 1.0  -3.0  -0.338 0.244
-5.0 1.25  0.0  -0.211 -0.000585
-5.0 1.25  1.0  -0.151 -0.0825
-5.0 1.25  2.0  -0.091 -0.164
-5.0 1.25  3.0  -0.031 -0.246
-5.0 1.25  5.0  0.089 -0.41
-5.0 1.25  -1.0  -0.271 0.0814
-5.0 1.25  -2.0  -0.331 0.163
-5.0 1.25  -3.0  -0.391 0.245
-5.0 1.5  0.0  -0.269 0.00184
-5.0 1.5  1.0  -0.209 -0.0801
-5.0 1.5  2.0  -0.149 -0.162
-5.0 1.5  3.0  -0.0892 -0.244
-5.0 1.5  4.0  -0.0291 -0.326
-5.0 1.5  5.0  0.0309 -0.408
-5.0 1.5  6.0  0.0909 -0.49
-5.0 1.5  -1.0  -0.329 0.0838
-5.0 1.5  -2.0  -0.389 0.166
-5.0 1.5  -3.0  -0.449 0.248
-5.0 1.75  0.0  -0.333 0.00512
-5.0 1.75  1.0  -0.273 -0.0768
-5.0 1.75  2.0  -0.213 -0.159
-5.0 1.75  3.0  -0.153 -0.241
-5.0 1.75  4.0  -0.0926 -0.323
-5.0 1.75  5.0  -0.0326 -0.405
-5.0 1.75  6.0  0.0274 -0.487
-5.0 1.75  -1.0  -0.393 0.0871
-5.0 1.75  -2.0  -0.453 0.169
-5.0 2.0  0.0  -0.402 0.00924
-5.0 2.0  1.0  -0.341 -0.0727
-5.0 2.0  2.0  -0.281 -0.155
-5.0 2.0  3.0  -0.221 -0.237
-5.0 2.0  4.0  -0.161 -0.319
-5.0 2.0  5.0  -0.101 -0.4
-5.0 2.0  6.0  -0.0414 -0.482
-5.0 2.0  -1.0  -0.462 0.0912
-5.0 2.0  -2.0  -0.522 0.173
-5.0 2.25  0.0  -0.476 0.0142
-5.0 2.25  1.0  -0.416 -0.0677
-5.0 2.25  2.0  -0.356 -0.15
-5.0 2.25  3.0  -0.296 -0.232
-5.0 2.25  4.0  -0.236 -0.314
-5.0 2.25  5.0  -0.176 -0.395
-5.0 2.25  6.0  -0.115 -0.477
-5.0 2.25  7.0  -0.0555 -0.559
-5.0 2.25  -1.0  -0.536 0.0962
-5.0 2.5  0.0  -0.555 0.02
-5.0 2.5  1.0  -0.495 -0.0619
-5.0 2.5  2.0  -0.435 -0.144
-5.0 2.5  3.0  -0.375 -0.226
-5.0 2.5  4.0  -0.315 -0.308
-5.0 2.5  5.0  -0.255 -0.39
-5.0 2.5  6.0  -0.195 -0.472
-5.0 2.5  7.0  -0.135 -0.554
