10  0.75  0.0  0.0  0.0  0.16135 6.6586e-05
10  1.25  0.0  0.0  0.0  0.33718 0.00016317
10  1.75  0.0  0.0  0.0  0.4908 0.00021659
10  2.25  0.0  0.0  0.0  0.60716 0.00030347
1  1  0.5  -0.2  -0.8  0.0366 1.7118e-05
1  1  0.5  -0.4  -0.8  0.034335 1.7003e-05
1  1  0.5  -0.4  0.2  0.0053261 3.6417e-06
1  1  0.5  -0.6  -0.8  0.032171 1.8646e-05
1  1  0.5  -0.6  0.2  0.0048533 3.3237e-06
1  1  0.5  -0.8  -0.8  0.030116 1.7982e-05
1  1  0.5  -0.8  -1.0  0.0399 2.2218e-05
1  1  0.5  -0.8  0.2  0.0044995 2.8037e-06
1  1  0.5  -0.8  0.6  0.0050393 3.8711e-06
1  1  0.5  -1.0  -0.8  0.028217 1.5104e-05
1  1  0.5  -1.0  0.2  0.0042707 2.5858e-06
1  1  0.5  -1.0  0.6  0.0054775 4.0274e-06
1  1  0.5  0.2  -0.8  0.041531 2.1974e-05
1  1  0.5  0.2  0.6  0.0046529 3.3422e-06
1  1  0.5  0.4  0.6  0.0049507 3.9544e-06
1  1  0.5  0.6  0.6  0.0053545 4.2597e-06
1  1  0.5  0.8  0.6  0.0058878 3.637e-06
1  1  0.5  1.0  0.6  0.0065403 3.8557e-06
7.5  0.75  0.0  0.0  0.0  0.078933 3.2884e-05
7.5  1.25  0.0  0.0  0.0  0.14815 7.143e-05
7.5  1.75  0.0  0.0  0.0  0.19751 9.7194e-05
7.5  2.25  0.0  0.0  0.0  0.25055 0.00011319
-1.0  0.5  0.0  0  0  0.0052491 2.5786e-06
-1.0  0.75  0.0  0  0  0.019612 1.023e-05
-1.0  1.0  0.0  0  0  0.052398 2.614e-05
-1.0  1.25  0.0  0  0  0.11477 6.2515e-05
-1.0  1.5  0.0  0  0  0.22084 0.00010533
-1.0  1.75  0.0  0  0  0.38719 0.00019076
-1.0  2.0  0.0  0  0  0.63318 0.00030759
-1.0  2.25  0.0  0  0  0.98163 0.00058718
-1.0  2.5  0.0  0  0  1.456 0.00070922
-10.0  0.5  -0.5  0  0  0.27541 0.00012664
-10.0  0.5  -1.0  0  0  0.49099 0.00022407
-10.0  0.5  -2.0  0  0  1.126 0.00053102
-10.0  0.5  -3.0  0  0  2.0349 0.00093462
-10.0  0.5  0.0  0  0  0.128 5.0079e-05
-10.0  0.5  0.5  0  0  0.048544 2.2868e-05
-10.0  0.5  1.0  0  0  0.037131 2.318e-05
-10.0  0.5  2.0  0  0  0.21825 0.00011909
-10.0  0.5  3.0  0  0  0.67147 0.00040466
-10.0  1.0  -0.5  0  0  0.92124 0.00038837
-10.0  1.0  -1.0  0  0  1.2786 0.0005728
-10.0  1.0  -2.0  0  0  2.1983 0.00090511
-10.0  1.0  -3.0  0  0  3.3885 0.0014591
-10.0  1.0  0.0  0  0  0.63094 0.0002946
-10.0  1.0  0.5  0  0  0.40848 0.00018338
-10.0  1.0  1.0  0  0  0.25474 0.0001326
-10.0  1.0  2.0  0  0  0.15074 7.5051e-05
-10.0  1.0  3.0  0  0  0.31899 0.00020096
-10.0  1.5  -0.5  0  0  2.1807 0.00094147
-10.0  1.5  -2.0  0  0  3.9755 0.0016802
-10.0  1.5  -3.0  0  0  5.5106 0.0024799
-10.0  1.5  0.0  0  0  1.7193 0.00078694
-10.0  1.5  0.5  0  0  1.3259 0.00054082
-10.0  1.5  1.0  0  0  1.0002 0.0004706
-10.0  1.5  2.0  0  0  0.55176 0.00026505
-10.0  1.5  3.0  0  0  0.37672 0.00015932
-10.0  2.0  -0.5  0  0  4.3081 0.0019032
-10.0  2.0  -1.0  0  0  5.0388 0.0021224
-10.0  2.0  -2.0  0  0  6.706 0.0031398
-10.0  2.0  -3.0  0  0  8.6389 0.003693
-10.0  2.0  0.0  0  0  3.6464 0.0016424
-10.0  2.0  0.5  0  0  3.0522 0.0013454
-10.0  2.0  1.0  0  0  2.5237 0.0012109
-10.0  2.0  2.0  0  0  1.6745 0.00081069
-10.0  2.0  3.0  0  0  1.1002 0.00051212
-10.0  2.5  -0.5  0  0  7.6038 0.0033241
-10.0  2.5  -1.0  0  0  8.5611 0.0041055
-10.0  2.5  -2.0  0  0  10.687 0.0049518
-10.0  2.5  -3.0  0  0  13.077 0.0056168
-10.0  2.5  0.0  0  0  6.7114 0.0031842
-10.0  2.5  0.5  0  0  5.8843 0.00242
-10.0  2.5  1.0  0  0  5.129 0.0021699
-10.0  2.5  2.0  0  0  3.8213 0.0017405
-10.0  2.5  3.0  0  0  2.7828 0.0013747
-10  1.5  -1  0  0  2.8393 0.001172
-12.5  0.5  -0.5  0  0  0.36371 0.00014677
-12.5  0.5  -1.0  0  0  0.60383 0.00026814
-12.5  0.5  -2.0  0  0  1.2876 0.00062486
-12.5  0.5  -3.0  0  0  2.2451 0.0011189
-12.5  0.5  0.0  0  0  0.19156 8.1332e-05
-12.5  0.5  0.5  0  0  0.08722 3.3709e-05
-12.5  0.5  1.0  0  0  0.051041 2.4687e-05
-12.5  0.5  2.0  0  0  0.18276 0.00011697
-12.5  0.5  3.0  0  0  0.58609 0.00038285
-12.5  1.0  -0.5  0  0  1.2483 0.00055055
-12.5  1.0  -1.0  0  0  1.6566 0.00072033
-12.5  1.0  -2.0  0  0  2.6762 0.0011037
-12.5  1.0  -3.0  0  0  3.9665 0.0020371
-12.5  1.0  0.0  0  0  0.9085 0.00037562
-12.5  1.0  0.5  0  0  0.63731 0.00028279
-12.5  1.0  1.0  0  0  0.4338 0.00020825
-12.5  1.0  2.0  0  0  0.23083 0.00010429
-12.5  1.0  3.0  0  0  0.30025 0.00018297
-12.5  1.5  -0.5  0  0  2.9345 0.0012716
-12.5  1.5  -1  0  0  3.7007 0.0015177
-12.5  1.5  -2.0  0  0  4.9489 0.0023113
-12.5  1.5  -3.0  0  0  6.6302 0.0033578
-12.5  1.5  0.0  0  0  2.3979 0.0011582
-12.5  1.5  0.5  0  0  1.931 0.00087235
-12.5  1.5  1.0  0  0  1.5312 0.00070655
-12.5  1.5  2.0  0  0  0.93479 0.00047367
-12.5  1.5  3.0  0  0  0.61163 0.00029695
-12.5  2.0  -0.5  0  0  5.7145 0.0026673
-12.5  2.0  -1.0  0  0  6.5424 0.002886
-12.5  2.0  -2.0  0  0  8.4037 0.0037623
-12.5  2.0  -3.0  0  0  10.538 0.0046316
-12.5  2.0  0.0  0  0  4.9489 0.0022413
-12.5  2.0  0.5  0  0  4.26 0.0018774
-12.5  2.0  1.0  0  0  3.6324 0.0016191
-12.5  2.0  2.0  0  0  2.5853 0.0011849
-12.5  2.0  3.0  0  0  1.8117 0.00082146
-12.5  2.5  -0.5  0  0  9.9175 0.0045759
-12.5  2.5  -1.0  0  0  10.999 0.0046366
-12.5  2.5  -2.0  0  0  13.371 0.0059193
-12.5  2.5  -3  0  0  16.818 0.0065385
-12.5  2.5  0.5  0  0  7.9499 0.0035307
-12.5  2.5  1.0  0  0  7.0716 0.0032233
-12.5  2.5  2.0  0  0  5.5189 0.0025798
-12.5  2.5  3.0  0  0  4.2335 0.0017223
-15.0  0.5  -0.5  0  0  0.46425 0.00018715
-15.0  0.5  -1.0  0  0  0.7293 0.00029981
-15.0  0.5  -2.0  0  0  1.4631 0.00065764
-15.0  0.5  -3.0  0  0  2.4699 0.0011191
-15.0  0.5  0.0  0  0  0.26746 0.00011789
-15.0  0.5  0.5  0  0  0.13861 6.1256e-05
-15.0  0.5  1.0  0  0  0.077754 3.431e-05
-15.0  0.5  2.0  0  0  0.16005 0.00010347
-15.0  0.5  3.0  0  0  0.51444 0.00031375
-15.0  1.0  -0.5  0  0  1.6265 0.00067915
-15.0  1.0  -1.0  0  0  2.0825 0.00095189
-15.0  1.0  -2.0  0  0  3.2015 0.0013319
-15.0  1.0  -3.0  0  0  4.5891 0.0033604
-15.0  1.0  0.0  0  0  1.238 0.00057564
-15.0  1.0  0.5  0  0  0.91674 0.0004416
-15.0  1.0  1.0  0  0  0.66351 0.00031454
-15.0  1.0  2.0  0  0  0.36201 0.0001782
-15.0  1.0  3.0  0  0  0.33198 0.00018725
-15.0  1.5  -0.5  0  0  3.8027 0.0018239
-15.0  1.5  -2.0  0  0  6.0408 0.0024327
-15.0  1.5  -3.0  0  0  7.8671 0.0033304
-15.0  1.5  0.0  0  0  3.1936 0.0014313
-15.0  1.5  0.5  0  0  2.6494 0.0011968
-15.0  1.5  1.0  0  0  2.1772 0.00091712
-15.0  1.5  2.0  0  0  1.4323 0.00076538
-15.0  1.5  3.0  0  0  0.96078 0.00047926
-15.0  2.0  -0.5  0  0  7.322 0.0031932
-15.0  2.0  -1.0  0  0  8.2477 0.0035623
-15.0  2.0  -2.0  0  0  10.305 0.0044391
-15.0  2.0  -3.0  0  0  12.642 0.005891
-15.0  2.0  0.0  0  0  6.4634 0.0027798
-15.0  2.0  0.5  0  0  5.6686 0.0025301
-15.0  2.0  1.0  0  0  4.9461 0.002209
-15.0  2.0  2.0  0  0  3.701 0.0018087
-15.0  2.0  3.0  0  0  2.7262 0.001391
-15.0  2.5  -0.5  0  0  12.542 0.0057191
-15.0  2.5  -1.0  0  0  13.763 0.0062816
-15.0  2.5  -2.0  0  0  16.37 0.0070727
-15.0  2.5  -3.0  0  0  19.275 0.0089661
-15.0  2.5  0.0  0  0  11.414 0.0050694
-15.0  2.5  0.5  0  0  10.339 0.0046317
-15.0  2.5  1.0  0  0  9.3352 0.0040662
-15.0  2.5  2.0  0  0  7.5325 0.0032672
-15.0  2.5  3.0  0  0  6.0003 0.0031911
-15  1.5  -1  0  0  4.6767 0.0017984
-1  1  0  -0.2  0.2  0.060603 2.6444e-05
-1  1  0  -0.4  0.4  0.067093 3.2115e-05
-1  1  0  -0.6  0.6  0.07456 3.6269e-05
-1  1  0  -0.8  0.8  0.08303 3.9477e-05
-1  1  0  -1  1  0.092518 4.7189e-05
-1  1  0  0.2  -0.2  0.050559 2.1484e-05
-1  1  0  0.4  -0.4  0.047075 2.0337e-05
-1  1  0  0.6  -0.6  0.044534 2.0883e-05
-1  1  0  0.8  -0.8  0.042997 1.8722e-05
-1  1  0  0  0  0.055059 2.4676e-05
-1  1  0  1  -1  0.042447 1.8591e-05
-2.4  0.5  -0.5  0  0  0.085746 4.1572e-05
-2.4  0.5  -1.0  0  0  0.22601 0.00011531
-2.4  0.5  -2.0  0  0  0.71112 0.00036411
-2.4  0.5  -3.0  0  0  1.4679 0.00076367
-2.4  0.5  0.0  0  0  0.013497 6.2473e-06
-2.4  0.5  0.5  0  0  0.0092271 5.6538e-06
-2.4  0.5  1.0  0  0  0.072927 4.4501e-05
-2.4  0.5  2.0  0  0  0.40448 0.00021872
-2.4  0.5  3.0  0  0  1.008 0.00051429
-2.4  0.75  0.0  0  0  0.042008 1.2713e-05
-2.4  1.0  -0.5  0  0  0.23854 0.00010585
-2.4  1.0  -1.0  0  0  0.44619 0.00020731
-2.4  1.0  -2.0  0  0  1.0665 0.0005129
-2.4  1.0  -3.0  0  0  1.9564 0.00093942
-2.4  1.0  0.0  0  0  0.098963 4.5596e-05
-2.4  1.0  0.5  0  0  0.02727 1.1745e-05
-2.4  1.0  1.0  0  0  0.023586 1.6322e-05
-2.4  1.0  2.0  0  0  0.22026 0.00014922
-2.4  1.0  3.0  0  0  0.6887 0.00038272
-2.4  1.25  0.0  0  0  0.19829 9.4735e-05
-2.4  1.5  -0.5  0  0  0.59287 0.00026145
-2.4  1.5  -1  0  0  0.9502 0.00045138
-2.4  1.5  -2.0  0  0  1.709 0.00087957
-2.4  1.5  -3.0  0  0  2.7914 0.0013469
-2.4  1.5  0.0  0  0  0.35644 0.00017847
-2.4  1.5  0.5  0  0  0.18819 9.6254e-05
-2.4  1.5  1.0  0  0  0.087858 4.1752e-05
-2.4  1.5  2.0  0  0  0.091546 5.4922e-05
-2.4  1.5  3.0  0  0  0.36738 0.00023505
-2.4  1.75  0.0  0  0  0.59224 0.00026365
-2.4  1  0  -0.2  0.2  0.10504 4.7515e-05
-2.4  1  0  -0.4  0.4  0.10694 4.6581e-05
-2.4  1  0  -0.6  0.6  0.1097 5.0464e-05
-2.4  1  0  -0.8  0.8  0.11285 5.2291e-05
-2.4  1  0  -1  1  0.1169 5.4642e-05
-2.4  1  0  0.2  -0.2  0.10284 4.122e-05
-2.4  1  0  0.4  -0.4  0.10269 4.2437e-05
-2.4  1  0  0.6  -0.6  0.10325 4.5883e-05
-2.4  1  0  0.8  -0.8  0.10439 4.0112e-05
-2.4  1  0  0  0  0.1036 4.6687e-05
-2.4  1  0  1  -1  0.10614 3.8067e-05
-2.4  2.0  -0.5  0  0  1.2909 0.00060668
-2.4  2.0  -1.0  0  0  1.7201 0.00080834
-2.4  2.0  -2.0  0  0  2.7851 0.0013174
-2.4  2.0  -3.0  0  0  4.1175 0.0020417
-2.4  2.0  0.0  0  0  0.92893 0.00048786
-2.4  2.0  0.5  0  0  0.63465 0.00035154
-2.4  2.0  1.0  0  0  0.40902 0.00019681
-2.4  2.0  2.0  0  0  0.16153 7.351e-05
-2.4  2.0  3.0  0  0  0.18581 0.00011794
-2.4  2.25  0.0  0  0  1.3903 0.00070966
-2.4  2.5  -0.5  0  0  2.519 0.00124
-2.4  2.5  -1.0  0  0  3.1029 0.0015527
-2.4  2.5  -2.0  0  0  4.4768 0.0023627
-2.4  2.5  -3.0  0  0  6.1199 0.003227
-2.4  2.5  0.0  0  0  2.002 0.0009863
-2.4  2.5  0.5  0  0  1.5553 0.00074418
-2.4  2.5  1.0  0  0  1.1736 0.00061714
-2.4  2.5  2.0  0  0  0.61596 0.00030359
-2.4  2.5  3.0  0  0  0.3314 0.00013944
-3.5  0.5  -0.5  0  0  0.1124 4.964e-05
-3.5  0.5  -1  0  0  0.27437 0.00012834
-3.5  0.5  -2  0  0  0.81957 0.00036126
-3.5  0.5  -3  0  0  1.6586 0.00077051
-3.5  0.5  0.0  0  0  0.022783 8.2472e-06
-3.5  0.5  0.5  0  0  0.0085724 5.4634e-06
-3.5  0.5  1.5  0  0  0.19876 0.00011665
-3.5  0.5  1  0  0  0.066944 3.7342e-05
-3.5  0.5  2.0  0  0  0.40401 0.0002126
-3.5  0.5  2.5  0  0  0.68302 0.00038294
-3.5  0.5  2  0  0  0.40412 0.00020903
-3.5  0.5  3  0  0  1.035 0.0005829
-3.5  0.75  0.0  0  0  0.065908 3.1903e-05
-3.5  1.0  0.0  0  0  0.14673 6.6595e-05
-3.5  1.25  0.0  0  0  0.28135 0.00012946
-3.5  1.5  -0.5  0  0  0.79656 0.00036891
-3.5  1.5  -1  0  0  1.156 0.00054023
-3.5  1.5  -2  0  0  2.0933 0.0010191
-3.5  1.5  -3  0  0  3.3247 0.0015801
-3.5  1.5  0.0  0  0  0.48777 0.00022202
-3.5  1.5  1  0  0  0.16044 6.7796e-05
-3.5  1.5  2  0  0  0.10408 6.8128e-05
-3.5  1.5  3  0  0  0.34158 0.00019569
-3.5  1.75  0.0  0  0  0.78767 0.00035306
-3.5  1  0.5  0  0  0.055281 2.3824e-05
-3.5  1  1.5  0  0  0.079754 4.9289e-05
-3.5  1  2.0  0  0  0.20232 0.00010991
-3.5  1  2.5  0  0  0.39817 0.00024295
-3.5  2.0  -0.5  0  0  1.6953 0.00082333
-3.5  2.0  -1  0  0  2.1981 0.00097151
-3.5  2.0  -2  0  0  3.4289 0.0015548
-3.5  2.0  -3  0  0  4.9525 0.0022347
-3.5  2.0  0.0  0  0  1.2048 0.00061881
-3.5  2.0  0.5  0  0  0.90778 0.00044442
-3.5  2.0  1  0  0  0.62399 0.00027779
-3.5  2.0  2  0  0  0.27772 0.00011169
-3.5  2.0  3  0  0  0.22576 0.00015456
-3.5  2.25  0.0  0  0  1.7676 0.00079442
-3.5  2.5  -0.5  0  0  3.2348 0.0013685
-3.5  2.5  -1  0  0  3.9143 0.0018776
-3.5  2.5  -2  0  0  5.4926 0.0024987
-3.5  2.5  -3  0  0  7.3643 0.0036209
-3.5  2.5  0.0  0  0  2.5032 0.0011336
-3.5  2.5  0.5  0  0  2.0934 0.0010284
-3.5  2.5  1  0  0  1.6358 0.000816
-3.5  2.5  2  0  0  0.93681 0.00043928
-3.5  2.5  3  0  0  0.53319 0.00020325
-3.5  2  0.5  0  0  0.90766 0.00037437
-3.5  2  1.5  0  0  0.41405 0.00019816
-3.5  2  2.0  0  0  0.27785 0.00011542
-3.5  2  2.5  0  0  0.21481 0.00010714
-5.0  0.5  0.0  0  0  0.039398 1.7449e-05
-5.0  0.5  0  0  0  0.040977 1.5947e-05
-5.0  0.75  0.0  0  0  1.3311 0.00056691  3
-5.0  1.0  0  0  0  0.23758 9.4274e-05
-5.0  1.25  0.0  0  0  0.41944 0.00019182
-5.0  1.5  -1  0  0  1.4726 0.00066983
-5.0  1.5  0  0  0  0.73466 0.00033086
-5.0  1.75  0.0  0  0  1.1035 0.00055245
-5.0  2.0  0  0  0  1.723 0.00088026
-5.0  2.25  0.0  0  0  2.3617 0.0010395
-5.0  2.5  0  0  0  3.4381 0.0015854
-5  0.5  -0.5  0  0  0.13746 6.2241e-05
-5  0.5  -1.0  0  0  0.30357 0.00014036
-5  0.5  -2.0  0  0  0.83965 0.00042921
-5  0.5  -3.0  0  0  1.6481 0.00080067
-5  0.5  0.5  0  0  0.0094171 4.4634e-06
-5  0.5  1.0  0  0  0.047453 2.7875e-05
-5  0.5  2.0  0  0  0.32738 0.00018511
-5  0.5  3.0  0  0  0.87982 0.00048532
-5  1.0  -0.5  0  0  0.41892 0.00018146
-5  1.0  -1.0  0  0  0.67769 0.00029972
-5  1.0  -2.0  0  0  1.4015 0.0006037
-5  1.0  -3.0  0  0  2.3951 0.0010527
-5  1.0  0.5  0  0  0.10478 4.6919e-05
-5  1.0  1.0  0  0  0.049699 2.2435e-05
-5  1.0  2.0  0  0  0.14365 9.7311e-05
-5  1.0  3.0  0  0  0.50923 0.00031058
-5  1.5  -0.5  0  0  1.0163 0.00044323
-5  1.5  -2.0  0  0  2.3647 0.0010829
-5  1.5  -3.0  0  0  3.6071 0.0016935
-5  1.5  0.5  0  0  0.45789 0.000198
-5  1.5  1.0  0  0  0.28046 0.000144
-5  1.5  2.0  0  0  0.12984 6.4808e-05
-5  1.5  3.0  0  0  0.25127 0.00015794
-5  1  0  -0.2  0.2  0.2218 9.2568e-05
-5  1  0  -0.4  0.4  0.2076 9.2798e-05
-5  1  0  -0.6  0.6  0.19425 8.121e-05
-5  1  0  -0.8  0.8  0.18217 8.9218e-05
-5  1  0  -1  1  0.1715 7.6759e-05
-5  1  0  0.2  -0.2  0.25463 0.00010009
-5  1  0  0.4  -0.4  0.27256 0.00012696
-5  1  0  0.6  -0.6  0.29182 0.0001431
-5  1  0  0.8  -0.8  0.31227 0.00012173
-5  1  0  0  0  0.23759 0.00010266
-5  1  0  1  -1  0.33403 0.00013801
-5  2.0  -0.5  0  0  2.1122 0.0010446
-5  2.0  -1.0  0  0  2.6453 0.0013163
-5  2.0  -2.0  0  0  3.912 0.001754
-5  2.0  -3.0  0  0  5.4579 0.0025409
-5  2.0  0.5  0  0  1.2497 0.00055469
-5  2.0  1.0  0  0  0.9213 0.00041788
-5  2.0  2.0  0  0  0.46771 0.00021406
-5  2.0  3.0  0  0  0.28633 0.00013629
-5  2.5  -0.5  0  0  3.9288 0.0019474
-5  2.5  -1.0  0  0  4.6393 0.0023075
-5  2.5  -2.0  0  0  6.2699 0.0028291
-5  2.5  -3.0  0  0  8.1643 0.0039096
-5  2.5  0.5  0  0  2.7047 0.0011881
-5  2.5  1.0  0  0  2.1967 0.0010655
-5  2.5  2.0  0  0  1.3809 0.00065917
-5  2.5  3.0  0  0  0.83897 0.00033625
-7.5  0.5  -0.5  0  0  0.20007 8.2298e-05
-7.5  0.5  -1.0  0  0  0.39088 0.00016051
-7.5  0.5  -2.0  0  0  0.97704 0.00048683
-7.5  0.5  -3.0  0  0  1.8335 0.00085611
-7.5  0.5  0.0  0  0  0.077363 3.3771e-05
-7.5  0.5  0.5  0  0  0.022608 1.0277e-05
-7.5  0.5  1.0  0  0  0.035897 2.4714e-05
-7.5  0.5  2.0  0  0  0.26658 0.00014069
-7.5  0.5  3.0  0  0  0.76945 0.00040722
-7.5  1.0  -0.5  0  0  0.64469 0.00028213
-7.5  1.0  -1.0  0  0  0.9532 0.00043917
-7.5  1.0  -2.0  0  0  1.7738 0.00082409
-7.5  1.0  -3.0  0  0  2.866 0.0012996
-7.5  1.0  0.0  0  0  0.40366 0.00018116
-7.5  1.0  0.5  0  0  0.2313 0.00010412
-7.5  1.0  1.0  0  0  0.12665 5.9485e-05
-7.5  1.0  2.0  0  0  0.12164 7.3562e-05
-7.5  1.0  3.0  0  0  0.38889 0.00023056
-7.5  1.5  -0.5  0  0  1.5404 0.0007007
-7.5  1.5  -1  0  0  2.0963 0.0010111
-7.5  1.5  -2.0  0  0  3.1127 0.0015261
-7.5  1.5  -3.0  0  0  4.5009 0.0018637
-7.5  1.5  0.0  0  0  1.1542 0.00048045
-7.5  1.5  0.5  0  0  0.83426 0.00035352
-7.5  1.5  1.0  0  0  0.58263 0.00028307
-7.5  1.5  2.0  0  0  0.28377 0.00012753
-7.5  1.5  3.0  0  0  0.25672 0.00015467
-7.5  1  0  0  0  0.41988 0.00017164
-7.5  2.0  -0.5  0  0  3.1076 0.0014278
-7.5  2.0  -1.0  0  0  3.7389 0.0017097
-7.5  2.0  -2.0  0  0  5.206 0.0024164
-7.5  2.0  -3.0  0  0  6.95 0.0032862
-7.5  2.0  0.0  0  0  2.5436 0.00094725
-7.5  2.0  0.5  0  0  2.0486 0.00091987
-7.5  2.0  1.0  0  0  1.6209 0.000766
-7.5  2.0  2.0  0  0  0.97016 0.00044863
-7.5  2.0  3.0  0  0  0.59096 0.00028106
-7.5  2.5  -0.5  0  0  5.605 0.0025842
-7.5  2.5  -1.0  0  0  6.4428 0.0029953
-7.5  2.5  -2.0  0  0  8.3154 0.0039902
-7.5  2.5  -3.0  0  0  10.472 0.0044586
-7.5  2.5  0.0  0  0  4.8347 0.0021012
-7.5  2.5  0.5  0  0  4.1361 0.0020424
-7.5  2.5  1.0  0  0  3.5017 0.0014988
-7.5  2.5  2.0  0  0  2.4407 0.0011028
-7.5  2.5  3.0  0  0  1.6522 0.00074845
0.0001  1  0  -0.2  0.2  0.036826 2.0514e-05
0.0001  1  0  -0.4  0.4  0.04463 2.177e-05
0.0001  1  0  -0.6  0.6  0.053991 2.828e-05
0.0001  1  0  -0.8  0.8  0.064899 2.9988e-05
0.0001  1  0  -1  1  0.077356 3.3687e-05
0.0001  1  0  0.2  -0.2  0.025826 1.3129e-05
0.0001  1  0  0.4  -0.4  0.022642 1.1559e-05
0.0001  1  0  0.6  -0.6  0.020984 1.051e-05
0.0001  1  0  0.8  -0.8  0.020907 1.1893e-05
0.0001  1  0  0  0  0.030545 1.6296e-05
0.0001  1  0  1  -1  0.022317 1.2869e-05
1.0  0.5  -0.5  0  0  0.039084 2.1829e-05
1.0  0.5  -1.0  0  0  0.14588 8.035e-05
1.0  0.5  -2.0  0  0  0.56341 0.00031019
1.0  0.5  -3.0  0  0  1.2534 0.00072132
1.0  0.5  0.0  0  0  0.00039551 2.4632e-07
1.0  0.5  0.5  0  0  0.029757 1.5142e-05
1.0  0.5  1.0  0  0  0.12716 6.9342e-05
1.0  0.5  2.0  0  0  0.52609 0.00024089
1.0  0.5  3.0  0  0  1.1963 0.00061443
1.0  0.75  0.0  0  0  0.0032336 1.381e-06
1.0  1.0  -0.5  0  0  0.085938 5.1825e-05
1.0  1.0  -1.0  0  0  0.22648 0.00012316
1.0  1.0  -2.0  0  0  0.71134 0.00035818
1.0  1.0  -3.0  0  0  1.4655 0.0023721
1.0  1.0  0.0  0  0  0.013531 7.9498e-06
1.0  1.0  0.5  0  0  0.0090844 5.0576e-06
1.0  1.0  1.0  0  0  0.072645 4.0745e-05
1.0  1.0  2.0  0  0  0.40371 0.00019817
1.0  1.0  3.0  0  0  1.0079 0.00052256
1.0  1.25  0.0  0  0  0.038918 2.2002e-05
1.0  1.5  -0.5  0  0  0.22498 0.00013284
1.0  1.5  -1  0  0  0.4591 0.00025859
1.0  1.5  -2.0  0  0  1.0392 0.00055474
1.0  1.5  -3.0  0  0  1.9214 0.00097322
1.0  1.5  0.0  0  0  0.089747 5.0321e-05
1.0  1.5  0.5  0  0  0.022432 1.2086e-05
1.0  1.5  1.0  0  0  0.023139 1.4385e-05
1.0  1.5  2.0  0  0  0.22852 0.00012887
1.0  1.5  3.0  0  0  0.70649 0.00034506
1.0  1.75  0.0  0  0  0.17918 0.00010085
1.0  2.0  -0.5  0  0  0.5502 0.00034941
1.0  2.0  -1.0  0  0  0.84496 0.00045383
1.0  2.0  -2.0  0  0  1.6415 0.0010309
1.0  2.0  -3.0  0  0  2.7057 0.0013819
1.0  2.0  0.0  0  0  0.32296 0.00017198
1.0  2.0  0.5  0  0  0.16346 9.1768e-05
1.0  2.0  1.0  0  0  0.072192 4.0236e-05
1.0  2.0  2.0  0  0  0.0936 6.3563e-05
1.0  2.0  3.0  0  0  0.38683 0.00023793
1.0  2.25  0.0  0  0  0.53932 0.00033801
1.0  2.5  -0.5  0  0  1.1987 0.00062008
1.0  2.5  -1.0  0  0  1.6158 0.00086033
1.0  2.5  -2.0  0  0  2.6517 0.0014709
1.0  2.5  -3.0  0  0  3.9644 0.0022331
1.0  2.5  0.0  0  0  0.84938 0.00047269
1.0  2.5  0.5  0  0  0.56883 0.00032795
1.0  2.5  1.0  0  0  0.3565 0.00021371
1.0  2.5  2.0  0  0  0.13589 7.2022e-05
1.0  2.5  3.0  0  0  0.18703 0.00012193
10.0  0.5  -0.5  0  0  0.029104 1.4246e-05
10.0  0.5  -1.0  0  0  0.046788 3.0199e-05
10.0  0.5  -2.0  0  0  0.28614 0.00017782
10.0  0.5  -3.0  0  0  0.79736 0.00043022
10.0  0.5  0.0  0  0  0.079358 3.619e-05
10.0  0.5  0.5  0  0  0.19787 8.2259e-05
10.0  0.5  1.0  0  0  0.38441 0.00015302
10.0  0.5  2.0  0  0  0.96166 0.00044075
10.0  0.5  3.0  0  0  1.8098 0.00078225
10.0  1.0  -0.5  0  0  0.13672 6.871e-05
10.0  1.0  -1.0  0  0  0.099257 5.1101e-05
10.0  1.0  -2.0  0  0  0.22824 0.00014686
10.0  1.0  -3.0  0  0  0.62905 0.00033873
10.0  1.0  0.0  0  0  0.24237 0.00011543
10.0  1.0  0.5  0  0  0.41611 0.0001716
10.0  1.0  1.0  0  0  0.65726 0.00025617
10.0  1.0  2.0  0  0  1.3446 0.00059137
10.0  1.0  3.0  0  0  2.3042 0.0010893
10.0  1.5  -0.5  0  0  0.27628 0.00014879
10.0  1.5  -2.0  0  0  0.28916 0.00017123
10.0  1.5  -3.0  0  0  0.63778 0.0003742
10.0  1.5  0.0  0  0  0.40784 0.00019894
10.0  1.5  0.5  0  0  0.60773 0.00027263
10.0  1.5  1.0  0  0  0.87546 0.00035851
10.0  1.5  2.0  0  0  1.6149 0.00066865
10.0  1.5  3.0  0  0  2.6271 0.0010481
10.0  2.0  -0.5  0  0  0.40985 0.00021095
10.0  2.0  -1.0  0  0  0.34916 0.00017413
10.0  2.0  -2.0  0  0  0.43237 0.00023505
10.0  2.0  -3.0  0  0  0.78621 0.00046929
10.0  2.0  0.0  0  0  0.53858 0.00025409
10.0  2.0  0.5  0  0  0.73544 0.00035853
10.0  2.0  1.0  0  0  1 0.00041975
10.0  2.0  2.0  0  0  1.7334 0.00074482
10.0  2.0  3.0  0  0  2.7407 0.0012
10.0  2.5  -0.5  0  0  0.54369 0.00029462
10.0  2.5  -1.0  0  0  0.51553 0.00023363
10.0  2.5  -2.0  0  0  0.6626 0.00033306
10.0  2.5  -3.0  0  0  1.0823 0.00068174
10.0  2.5  0.0  0  0  0.64098 0.00031857
10.0  2.5  0.5  0  0  0.80559 0.00041599
10.0  2.5  1.0  0  0  1.0383 0.0004488
10.0  2.5  2.0  0  0  1.7079 0.0007159
10.0  2.5  3.0  0  0  2.6493 0.0011558
10  1.5  -1  0  0  0.22113 0.0001087
12.5  0.5  -0.5  0  0  0.055612 2.7203e-05
12.5  0.5  -1.0  0  0  0.048593 2.6914e-05
12.5  0.5  -2.0  0  0  0.23836 0.00013234
12.5  0.5  -3.0  0  0  0.70104 0.00037145
12.5  0.5  0.0  0  0  0.1307 5.604e-05
12.5  0.5  0.5  0  0  0.27379 0.00011101
12.5  0.5  1.0  0  0  0.48495 0.00019758
12.5  0.5  2.0  0  0  1.1114 0.00045146
12.5  0.5  3.0  0  0  2.0105 0.0009744
12.5  1.0  -0.5  0  0  0.26805 0.00012405
12.5  1.0  -1.0  0  0  0.18106 9.2277e-05
12.5  1.0  -2.0  0  0  0.21122 0.00012184
12.5  1.0  -3.0  0  0  0.51304 0.00030804
12.5  1.0  0.0  0  0  0.42303 0.00019254
12.5  1.0  0.5  0  0  0.6463 0.00028303
12.5  1.0  1.0  0  0  0.93748 0.00040724
12.5  1.0  2.0  0  0  1.7238 0.00075249
12.5  1.0  3.0  0  0  2.7814 0.0011539
12.5  1.5  -0.5  0  0  0.55428 0.00029474
12.5  1.5  -1  0  0  0.42785 0.00022347
12.5  1.5  -2.0  0  0  0.34465 0.00017012
12.5  1.5  -3.0  0  0  0.54546 0.00032783
12.5  1.5  0.0  0  0  0.75991 0.00033283
12.5  1.5  0.5  0  0  1.0342 0.00046246
12.5  1.5  1.0  0  0  1.3761 0.00055249
12.5  1.5  2.0  0  0  2.2654 0.00096812
12.5  1.5  3.0  0  0  3.4228 0.0013939
12.5  2.0  -0.5  0  0  0.83956 0.00040932
12.5  2.0  -1.0  0  0  0.68049 0.00033478
12.5  2.0  -2.0  0  0  0.56508 0.00028113
12.5  2.0  -3.0  0  0  0.72238 0.00039558
12.5  2.0  0.0  0  0  1.0684 0.00047059
12.5  2.0  0.5  0  0  1.3636 0.00058275
12.5  2.0  1.0  0  0  1.7281 0.0006924
12.5  2.0  2.0  0  0  2.6588 0.001078
12.5  2.0  3.0  0  0  3.8614 0.0015019
12.5  2.5  -0.5  0  0  1.095 0.00051749
12.5  2.5  -1.0  0  0  0.94283 0.00046663
12.5  2.5  -2.0  0  0  0.84232 0.00045635
12.5  2.5  -3.0  0  0  1.0144 0.00061174
12.5  2.5  0.0  0  0  1.316 0.00065469
12.5  2.5  0.5  0  0  1.6029 0.00078827
12.5  2.5  1.0  0  0  1.9611 0.00088031
12.5  2.5  2.0  0  0  2.8757 0.0012569
12.5  2.5  3.0  0  0  4.0659 0.0016672
15.0  0.5  -0.5  0  0  0.094862 4.5313e-05
15.0  0.5  -1.0  0  0  0.063111 3.2125e-05
15.0  0.5  -2.0  0  0  0.20376 0.00041806
15.0  0.5  -3.0  0  0  0.61564 0.00035471
15.0  0.5  0.0  0  0  0.19467 8.1149e-05
15.0  0.5  0.5  0  0  0.36256 0.00015313
15.0  0.5  1.0  0  0  0.59827 0.00026627
15.0  0.5  2.0  0  0  1.2733 0.00056886
15.0  0.5  3.0  0  0  2.2207 0.0010389
15.0  1.0  -0.5  0  0  0.45044 0.00021923
15.0  1.0  -1.0  0  0  0.31383 0.00016887
15.0  1.0  -2.0  0  0  0.24483 0.00013046
15.0  1.0  -3.0  0  0  0.44839 0.00029088
15.0  1.0  0.0  0  0  0.65475 0.0002616
15.0  1.0  0.5  0  0  0.92753 0.00041708
15.0  1.0  1.0  0  0  1.2672 0.00053654
15.0  1.0  2.0  0  0  2.1533 0.00089757
15.0  1.0  3.0  0  0  3.3099 0.0013148
15.0  1.5  -0.5  0  0  0.94682 0.00043114
15.0  1.5  -2.0  0  0  0.51452 0.00028878
15.0  1.5  -3.0  0  0  0.56647 0.00028565
15.0  1.5  0.0  0  0  1.2276 0.00056972
15.0  1.5  0.5  0  0  1.5745 0.00069322
15.0  1.5  1.0  0  0  1.9897 0.00091624
15.0  1.5  2.0  0  0  3.0265 0.0013554
15.0  1.5  3.0  0  0  4.3352 0.0018028
15.0  2.0  -0.5  0  0  1.4735 0.00070289
15.0  2.0  -1.0  0  0  1.2147 0.00060998
15.0  2.0  -2.0  0  0  0.90206 0.00034163
15.0  2.0  -3.0  0  0  0.86125 0.00049302
15.0  2.0  0.0  0  0  1.8 0.00078585
15.0  2.0  0.5  0  0  2.1952 0.00092409
15.0  2.0  1.0  0  0  2.6567 0.0011953
15.0  2.0  2.0  0  0  3.7871 0.0015179
15.0  2.0  3.0  0  0  5.187 0.0022707
15.0  2.5  -0.5  0  0  1.9643 0.00094709
15.0  2.5  -1.0  0  0  1.6903 0.00086981
15.0  2.5  -2.0  0  0  1.341 0.00069705
15.0  2.5  -3.0  0  0  1.2645 0.00063166
15.0  2.5  0.0  0  0  2.3065 0.0010936
15.0  2.5  0.5  0  0  2.7216 0.0012572
15.0  2.5  1.0  0  0  3.1998 0.0013384
15.0  2.5  2.0  0  0  4.3633 0.0019202
15.0  2.5  3.0  0  0  5.7994 0.0023035
15  1.5  -1  0  0  0.75294 0.00034818
1  0.25  -0.5  0  0  0.035487 1.9272e-05
1  0.25  0.5  0  0  0.038163 1.7935e-05
1  0.25  1.5  0  0  0.33455 0.00016309
1  0.25  1  0  0  0.1498 7.7874e-05
1  0.25  2  0  0  0.59391 0.00028639
1  0.5  2.5  0  0  0.89425 0.00052987
1  0.75  -0.5  0  0  0.059513 3.2924e-05
1  0.75  -1  0  0  0.18892 9.2283e-05
1  0.75  0.25  0  0  0.003025 1.5072e-06
1  0.75  0.5  0  0  0.020964 1.0113e-05
1  0.75  1  0  0  0.11195 5.9103e-05
1  0.75  2.5  0  0  0.82589 0.00041545
1  0.75  2  0  0  0.5145 0.00024289
1  1.25  2.5  0  0  0.60619 0.00030986
1  1.5  2.5  0  0  0.47306 0.00023934
1  1.75  2.5  0  0  0.34198 0.00019555
1  1  -0.5  -0.2  -0.2  0.085945 4.6055e-05
1  1  -0.5  -0.2  0.2  0.10702 5.7458e-05
1  1  -0.5  -0.4  -0.4  0.080447 4.2271e-05
1  1  -0.5  -0.4  0.4  0.12388 5.929e-05
1  1  -0.5  -0.6  -0.6  0.075951 3.8037e-05
1  1  -0.5  -0.6  0.6  0.14309 7.7003e-05
1  1  -0.5  -0.8  -0.8  0.072435 3.5549e-05
1  1  -0.5  -0.8  0.8  0.16473 8.6237e-05
1  1  -0.5  -1  -1  0.069918 3.6796e-05
1  1  -0.5  -1  1  0.18875 8.6831e-05
1  1  -0.5  0.2  -0.2  0.080172 4.536e-05
1  1  -0.5  0.2  0.2  0.099898 5.1908e-05
1  1  -0.5  0.4  -0.4  0.070305 3.7191e-05
1  1  -0.5  0.4  0.4  0.10837 6.031e-05
1  1  -0.5  0.6  -0.6  0.062777 3.1368e-05
1  1  -0.5  0.6  0.6  0.11792 5.9349e-05
1  1  -0.5  0.8  -0.8  0.057528 2.879e-05
1  1  -0.5  0.8  0.8  0.12833 6.8081e-05
1  1  -0.5  0  -0.2  0.083055 4.5323e-05
1  1  -0.5  0  -0.4  0.075131 4.0264e-05
1  1  -0.5  0  -0.6  0.068815 4.4077e-05
1  1  -0.5  0  -0.8  0.063993 3.3774e-05
1  1  -0.5  0  -1  0.060771 3.4375e-05
1  1  -0.5  0  0.2  0.10345 5.41e-05
1  1  -0.5  0  0.4  0.11599 6.0859e-05
1  1  -0.5  0  0.6  0.12991 6.4023e-05
1  1  -0.5  0  0.8  0.1456 7.0555e-05
1  1  -0.5  0  0  0.092549 4.9214e-05
1  1  -0.5  0  1  0.16266 8.5538e-05
1  1  -0.5  1  -1  0.05459 2.7992e-05
1  1  -0.5  1  1  0.13978 6.9726e-05
1  1  -1.0  1  1  0.31628 0.00017534
1  1  -1.5  -0.2  -0.2  0.45255 0.00025883
1  1  -1.5  -0.2  0.2  0.50221 0.00027686
1  1  -1.5  -0.4  -0.4  0.43688 0.00021144
1  1  -1.5  -0.4  0.4  0.53787 0.00027286
1  1  -1.5  -0.6  -0.6  0.4225 0.00022044
1  1  -1.5  -0.6  0.6  0.57567 0.00030973
1  1  -1.5  -0.8  -0.8  0.40858 0.00020343
1  1  -1.5  -0.8  0.8  0.61565 0.00029588
1  1  -1.5  -1  -1  0.39643 0.00020902
1  1  -1.5  -1  1  0.65865 0.00030083
1  1  -1.5  0.2  -0.2  0.43819 0.00024932
1  1  -1.5  0.2  0.2  0.48648 0.00027079
1  1  -1.5  0.4  -0.4  0.40955 0.0001937
1  1  -1.5  0.4  0.4  0.50507 0.00026098
1  1  -1.5  0.6  -0.6  0.38327 0.00020093
1  1  -1.5  0.6  0.6  0.52438 0.00028857
1  1  -1.5  0.8  -0.8  0.3591 0.00018147
1  1  -1.5  0.8  0.8  0.54483 0.00026705
1  1  -1.5  0  -0.2  0.44537 0.00022244
1  1  -1.5  0  -0.4  0.42278 0.00022244
1  1  -1.5  0  -0.6  0.40218 0.00018725
1  1  -1.5  0  -0.8  0.38281 0.00020048
1  1  -1.5  0  -1  0.36535 0.00020631
1  1  -1.5  0  0.2  0.4938 0.00024561
1  1  -1.5  0  0.4  0.52073 0.00029925
1  1  -1.5  0  0.6  0.54938 0.00028466
1  1  -1.5  0  0.8  0.57928 0.00027844
1  1  -1.5  0  0  0.46898 0.00024351
1  1  -1.5  0  1  0.61132 0.00028872
1  1  -1.5  1  -1  0.33792 0.00018352
1  1  -1.5  1  1  0.56598 0.00028246
1  1  -1  -0.2  -0.2  0.23243 0.00011783
1  1  -1  -0.2  0.2  0.26805 0.00014614
1  1  -1  -0.4  -0.4  0.22201 0.00011358
1  1  -1  -0.4  0.4  0.29415 0.00014582
1  1  -1  -0.6  -0.6  0.2123 0.00010798
1  1  -1  -0.6  0.6  0.32265 0.00016374
1  1  -1  -0.8  -0.8  0.2038 0.00012229
1  1  -1  -0.8  0.8  0.35324 0.0001719
1  1  -1  -1  -1  0.19624 9.9908e-05
1  1  -1  -1  1  0.38688 0.00020193
1  1  -1  0.2  -0.2  0.22239 0.0001149
1  1  -1  0.2  0.2  0.25666 0.00014091
1  1  -1  0.4  -0.4  0.20319 0.00010711
1  1  -1  0.4  0.4  0.26999 0.0001384
1  1  -1  0.6  -0.6  0.18609 9.3836e-05
1  1  -1  0.6  0.6  0.28441 0.00014743
1  1  -1  0.8  -0.8  0.17161 0.00010805
1  1  -1  0.8  0.8  0.2996 0.00014919
1  1  -1  0  -0.2  0.22724 0.0001255
1  1  -1  0  -0.4  0.21231 0.00010771
1  1  -1  0  -0.6  0.19865 0.00010575
1  1  -1  0  -0.8  0.18673 9.6273e-05
1  1  -1  0  -1  0.17646 9.6963e-05
1  1  -1  0  0.4  0.28177 0.00013826
1  1  -1  0  0.6  0.3029 0.00015628
1  1  -1  0  0.8  0.32576 0.00015527
1  1  -1  0  0  0.2438 0.00013042
1  1  -1  0  1  0.35024 0.00017913
1  1  -1  1  -1  0.15931 8.5309e-05
1  1  -2.4  0  -0.2  1.0221 0.00054919
1  1  -2.4  0  -0.4  0.98766 0.00052077
1  1  -2.4  0  -0.6  0.95377 0.00049246
1  1  -2.4  0  -0.8  0.92199 0.00056687
1  1  -2.4  0  0.2  1.0975 0.00051935
1  1  -2.4  0  0.4  1.1374 0.00061653
1  1  -2.4  0  0.6  1.179 0.00058387
1  1  -2.4  0  0.8  1.2218 0.00062938
1  1  -2.4  0  1  1.265 0.00061896
1  1  -2.5  -0.2  -0.2  1.1128 0.00060795
1  1  -2.5  -0.2  0.2  1.191 0.00061551
1  1  -2.5  -0.4  -0.4  1.0873 0.00062043
1  1  -2.5  -0.4  0.4  1.2466 0.00060859
1  1  -2.5  -0.6  -0.6  1.0623 0.00057019
1  1  -2.5  -0.6  0.6  1.3022 0.00062998
1  1  -2.5  -0.8  -0.8  1.0391 0.00054411
1  1  -2.5  -0.8  0.8  1.3609 0.00067758
1  1  -2.5  -1  -1  1.0171 0.00056201
1  1  -2.5  -1  1  1.422 0.00067754
1  1  -2.5  0.2  -0.2  1.0898 0.00059949
1  1  -2.5  0.2  0.2  1.1667 0.00060632
1  1  -2.5  0.4  -0.4  1.0426 0.00060027
1  1  -2.5  0.4  0.4  1.1965 0.00058418
1  1  -2.5  0.6  -0.6  0.9971 0.00056146
1  1  -2.5  0.6  0.6  1.2251 0.00061331
1  1  -2.5  0.8  -0.8  0.95515 0.00049606
1  1  -2.5  0.8  0.8  1.2554 0.00064021
1  1  -2.5  0  -0.2  1.1011 0.00061789
1  1  -2.5  0  -0.4  1.0637 0.00053038
1  1  -2.5  0  -0.6  1.029 0.00057108
1  1  -2.5  0  -0.8  0.99571 0.00052721
1  1  -2.5  0  -1  0.96377 0.00047317
1  1  -2.5  0  0.2  1.1792 0.00062157
1  1  -2.5  0  0.4  1.2204 0.00062408
1  1  -2.5  0  0.6  1.2627 0.00060372
1  1  -2.5  0  0.8  1.3077 0.00068677
1  1  -2.5  0  0  1.1392 0.00057717
1  1  -2.5  0  1  1.3525 0.00069211
1  1  -2.5  1  -1  0.91544 0.00051042
1  1  -2.5  1  1  1.2874 0.00068233
1  1  -2  -0.2  -0.2  0.74596 0.0003884
1  1  -2  -0.2  0.2  0.80988 0.00038414
1  1  -2  -0.4  -0.4  0.7251 0.00039214
1  1  -2  -0.4  0.4  0.85458 0.00041073
1  1  -2  -0.6  -0.6  0.7057 0.00037965
1  1  -2  -0.6  0.6  0.90248 0.00042171
1  1  -2  -0.8  -0.8  0.68763 0.00036983
1  1  -2  -0.8  0.8  0.95149 0.00050012
1  1  -2  -1  -1  0.66958 0.00033094
1  1  -2  -1  1  1.0042 0.00059248
1  1  -2  0.2  -0.2  0.72721 0.00038043
1  1  -2  0.2  0.2  0.78981 0.0003771
1  1  -2  0.4  -0.4  0.68915 0.00038588
1  1  -2  0.4  0.4  0.81311 0.00039992
1  1  -2  0.6  -0.6  0.65354 0.00035804
1  1  -2  0.6  0.6  0.83843 0.00041558
1  1  -2  0.8  -0.8  0.62064 0.00033876
1  1  -2  0.8  0.8  0.86325 0.00046215
1  1  -2  0  -0.2  0.73649 0.00039278
1  1  -2  0  -0.6  0.67923 0.00033612
1  1  -2  0  -0.8  0.65269 0.0003403
1  1  -2  0  -1  0.62815 0.00030829
1  1  -2  0  0.2  0.8006 0.00039148
1  1  -2  0  0.4  0.83354 0.00040143
1  1  -2  0  0.6  0.86957 0.00042391
1  1  -2  0  0.8  0.90596 0.0004499
1  1  -2  0  0  0.76739 0.00039315
1  1  -2  0  1  0.94474 0.00046197
1  1  -2  1  -1  0.58959 0.00030021
1  1  -2  1  1  0.88943 0.00048816
1  1  -3  -0.2  -0.2  1.5529 0.00081231
1  1  -3  -0.2  0.2  1.646 0.00084031
1  1  -3  -0.4  -0.4  1.5222 0.00073635
1  1  -3  -0.4  0.4  1.7113 0.00084092
1  1  -3  -0.6  -0.6  1.4926 0.00080055
1  1  -3  -0.6  0.6  1.7758 0.00082261
1  1  -3  -0.8  -0.8  1.4647 0.0007743
1  1  -3  -0.8  0.8  1.8446 0.0008777
1  1  -3  -1  -1  1.437 0.00072739
1  1  -3  -1  1  1.9136 0.0009295
1  1  -3  0.2  -0.2  1.5264 0.00083029
1  1  -3  0.2  0.2  1.6179 0.00085692
1  1  -3  0.4  -0.4  1.469 0.00074882
1  1  -3  0.4  0.4  1.6529 0.0008053
1  1  -3  0.6  -0.6  1.415 0.00080625
1  1  -3  0.6  0.6  1.6856 0.0007521
1  1  -3  0.8  -0.8  1.3626 0.00070185
1  1  -3  0.8  0.8  1.7214 0.00084579
1  1  -3  0  -0.2  1.5387 0.00081676
1  1  -3  0  -0.4  1.4971 0.00073464
1  1  -3  0  -0.6  1.4525 0.00070941
1  1  -3  0  -0.8  1.4128 0.00069072
1  1  -3  0  -1  1.3726 0.00069339
1  1  -3  0  0.2  1.6316 0.00084048
1  1  -3  0  0.4  1.6803 0.00076457
1  1  -3  0  0.6  1.7294 0.00087912
1  1  -3  0  0.8  1.7811 0.0009325
1  1  -3  0  0  1.5844 0.00077151
1  1  -3  0  1  1.8342 0.00087878
1  1  -3  1  -1  1.3137 0.00066683
1  1  -3  1  1  1.758 0.00093447
1  1  0.15  0.15  -0.15  0.0051294 3.09e-06
1  1  0.1  0  0.8  0.026381 1.4503e-05
1  1  0.1  0  0  0.0077116 4.1411e-06
1  1  0.5  -0.2  -0.2  0.013561 8.1205e-06
1  1  0.5  -0.2  -0.4  0.019704 1.0829e-05
1  1  0.5  -0.2  -0.6  0.027352 1.3495e-05
1  1  0.5  -0.2  -1  0.047327 2.52e-05
1  1  0.5  -0.2  0.2  0.0059241 3.8375e-06
1  1  0.5  -0.2  0.4  0.0044137 3.1624e-06
1  1  0.5  -0.2  0.6  0.004447 3.1209e-06
1  1  0.5  -0.2  0  0.00897 5.6399e-06
1  1  0.5  -0.2  1  0.0091467 7.9795e-06
1  1  0.5  -0.4  -0.2  0.012292 7.832e-06
1  1  0.5  -0.4  -0.6  0.025435 1.5515e-05
1  1  0.5  -0.4  -1  0.044754 2.3323e-05
1  1  0.5  -0.4  0.4  0.0041502 2.7836e-06
1  1  0.5  -0.4  0.6  0.0045273 3.2523e-06
1  1  0.5  -0.4  0  0.0080365 5.4726e-06
1  1  0.5  -0.4  1  0.0098813 7.2681e-06
1  1  0.5  -0.6  -0.2  0.011139 6.5737e-06
1  1  0.5  -0.6  -0.4  0.016613 9.3173e-06
1  1  0.5  -0.6  -0.6  0.023621 1.4163e-05
1  1  0.5  -0.6  -1  0.042261 2.1532e-05
1  1  0.5  -0.6  0.4  0.0040114 2.8882e-06
1  1  0.5  -0.6  0.6  0.0047182 3.5011e-06
1  1  0.5  -0.6  0.8  0.006968 5.3657e-06
1  1  0.5  -0.6  0  0.0072204 4.5001e-06
1  1  0.5  -0.6  1  0.01075 9.2593e-06
1  1  0.5  -0.8  -0.2  0.010121 7.201e-06
1  1  0.5  -0.8  -0.4  0.015263 9.037e-06
1  1  0.5  -0.8  -0.6  0.021916 1.1627e-05
1  1  0.5  -0.8  0.4  0.0040005 2.9909e-06
1  1  0.5  -0.8  0.8  0.0076165 5.2973e-06
1  1  0.5  -0.8  0  0.0065388 4.8961e-06
1  1  0.5  -0.8  1  0.011756 8.2273e-06
1  1  0.5  -1  -0.2  0.0092265 6.0463e-06
1  1  0.5  -1  -0.4  0.014007 8.0361e-06
1  1  0.5  -1  -0.6  0.020338 1.2743e-05
1  1  0.5  -1  -1  0.037653 2.0448e-05
1  1  0.5  -1  0.4  0.0041038 3.0312e-06
1  1  0.5  -1  0.8  0.008401 5.8307e-06
1  1  0.5  -1  0  0.0059733 3.9449e-06
1  1  0.5  -1  1  0.012848 8.1501e-06
1  1  0.5  0.2  -0.2  0.016448 9.2693e-06
1  1  0.5  0.2  -0.4  0.023245 1.2611e-05
1  1  0.5  0.2  -0.6  0.031631 1.4688e-05
1  1  0.5  0.2  -1  0.052914 2.6751e-05
1  1  0.5  0.2  0.2  0.0074735 4.068e-06
1  1  0.5  0.2  0.4  0.0052912 3.9173e-06
1  1  0.5  0.2  0.8  0.0055671 4.1878e-06
1  1  0.5  0.2  0  0.011186 6.5206e-06
1  1  0.5  0.2  1  0.0080081 6.3796e-06
1  1  0.5  0.4  -0.2  0.018085 9.5956e-06
1  1  0.5  0.4  -0.4  0.025225 1.2315e-05
1  1  0.5  0.4  -0.6  0.033925 1.4806e-05
1  1  0.5  0.4  -0.8  0.044146 1.9866e-05
1  1  0.5  0.4  -1  0.055958 2.5211e-05
1  1  0.5  0.4  0.2  0.0084296 4.5818e-06
1  1  0.5  0.4  0.4  0.0059098 3.4471e-06
1  1  0.5  0.4  0.8  0.0055132 4.2356e-06
1  1  0.5  0.4  0  0.012485 6.643e-06
1  1  0.5  0.4  1  0.0076253 5.6778e-06
1  1  0.5  0.6  -0.2  0.019843 8.9034e-06
1  1  0.5  0.6  -0.4  0.027319 1.2613e-05
1  1  0.5  0.6  -0.6  0.036357 1.8326e-05
1  1  0.5  0.6  -0.8  0.046889 2.2267e-05
1  1  0.5  0.6  -1  0.058967 2.9755e-05
1  1  0.5  0.6  0.2  0.0095116 5.1542e-06
1  1  0.5  0.6  0.4  0.0066594 3.9955e-06
1  1  0.5  0.6  0.8  0.0055887 4.5483e-06
1  1  0.5  0.6  0  0.013907 6.3128e-06
1  1  0.5  0.6  1  0.0073692 5.5629e-06
1  1  0.5  0.8  -0.2  0.021714 9.1096e-06
1  1  0.5  0.8  -0.4  0.029511 1.3605e-05
1  1  0.5  0.8  -0.6  0.038899 1.824e-05
1  1  0.5  0.8  -0.8  0.049774 2.4669e-05
1  1  0.5  0.8  -1  0.062205 2.8749e-05
1  1  0.5  0.8  0.2  0.010721 4.8414e-06
1  1  0.5  0.8  0.4  0.0075254 4.2691e-06
1  1  0.5  0.8  0.8  0.0057825 4.6258e-06
1  1  0.5  0.8  0  0.015443 6.5409e-06
1  1  0.5  0.8  1  0.0072349 6.2816e-06
1  1  0.5  0  -0.2  0.01494 7.4622e-06
1  1  0.5  0  -0.4  0.02144 1.0436e-05
1  1  0.5  0  -0.6  0.029432 1.6379e-05
1  1  0.5  0  -0.8  0.038997 1.7767e-05
1  1  0.5  0  -1  0.050092 2.4542e-05
1  1  0.5  0  0.2  0.0066362 4.3359e-06
1  1  0.5  0  0.4  0.0047906 3.7814e-06
1  1  0.5  0  0.6  0.004495 3.3492e-06
1  1  0.5  0  0.8  0.0057232 4.301e-06
1  1  0.5  0  0  0.010012 5.1406e-06
1  1  0.5  0  1  0.0085156 6.1299e-06
1  1  0.5  1  -0.2  0.023701 1.1906e-05
1  1  0.5  1  -0.4  0.031867 1.4757e-05
1  1  0.5  1  -0.8  0.052816 2.2606e-05
1  1  0.5  1  -1  0.065554 2.905e-05
1  1  0.5  1  0.2  0.01203 5.9919e-06
1  1  0.5  1  0.4  0.0085177 4.0366e-06
1  1  0.5  1  0.8  0.006101 4.878e-06
1  1  0.5  1  0  0.017102 8.1779e-06
1  1  0.5  1  1  0.0072153 6.1103e-06
1  1  0  -0.2  -0.2  0.013002 6.2419e-06
1  1  0  -0.2  -0.4  0.011968 6.2636e-06
1  1  0  -0.2  -0.6  0.012457 6.6402e-06
1  1  0  -0.2  -0.8  0.014503 8.2166e-06
1  1  0  -0.2  -1  0.018087 1.131e-05
1  1  0  -0.2  0.2  0.019715 1.0129e-05
1  1  0  -0.2  0.4  0.025395 1.3346e-05
1  1  0  -0.2  0.6  0.032584 1.5662e-05
1  1  0  -0.2  0.8  0.041364 1.8376e-05
1  1  0  -0.2  0  0.015596 9.0376e-06
1  1  0  -0.2  1  0.051637 2.7491e-05
1  1  0  -0.4  -0.2  0.013893 7.4659e-06
1  1  0  -0.4  -0.4  0.012516 6.9027e-06
1  1  0  -0.4  -0.6  0.012686 7.0213e-06
1  1  0  -0.4  -0.8  0.014382 8.3573e-06
1  1  0  -0.4  -1  0.017628 1.2265e-05
1  1  0  -0.4  0.2  0.021276 1.1481e-05
1  1  0  -0.4  0.4  0.027292 1.5728e-05
1  1  0  -0.4  0.6  0.034838 1.8289e-05
1  1  0  -0.4  0.8  0.043918 2.2156e-05
1  1  0  -0.4  0  0.016829 9.0409e-06
1  1  0  -0.4  1  0.054535 2.5253e-05
1  1  0  -0.6  -0.0  0.018173 9.3745e-06
1  1  0  -0.6  -0.2  0.014905 8.0444e-06
1  1  0  -0.6  -0.4  0.013195 6.9014e-06
1  1  0  -0.6  -0.6  0.013034 6.727e-06
1  1  0  -0.6  -0.8  0.014406 7.9269e-06
1  1  0  -0.6  -1.0  0.0173 1.0487e-05
1  1  0  -0.6  -1  0.017322 1.159e-05
1  1  0  -0.6  0.0  0.018163 1.0003e-05
1  1  0  -0.6  0.2  0.02295 1.1817e-05
1  1  0  -0.6  0.4  0.029292 1.6349e-05
1  1  0  -0.6  0.6  0.037182 1.8129e-05
1  1  0  -0.6  0.8  0.046612 2.1415e-05
1  1  0  -0.6  0  0.018169 9.7974e-06
1  1  0  -0.6  1.0  0.057567 2.7978e-05
1  1  0  -0.6  1  0.057561 2.9572e-05
1  1  0  -0.8  -0.2  0.01604 8.0948e-06
1  1  0  -0.8  -0.4  0.013996 6.8517e-06
1  1  0  -0.8  -0.6  0.013483 7.5012e-06
1  1  0  -0.8  -0.8  0.014528 8.074e-06
1  1  0  -0.8  -1  0.017105 1.094e-05
1  1  0  -0.8  0.2  0.024773 1.295e-05
1  1  0  -0.8  0.4  0.03147 1.5513e-05
1  1  0  -0.8  0.6  0.039685 1.821e-05
1  1  0  -0.8  0.8  0.049423 2.195e-05
1  1  0  -0.8  0  0.019624 1.0333e-05
1  1  0  -0.8  1  0.060733 2.8135e-05
1  1  0  -1.0  -0.2  0.017319 9.2116e-06
1  1  0  -1  -0.2  0.017296 9.3949e-06
1  1  0  -1  -0.4  0.014921 7.8255e-06
1  1  0  -1  -0.6  0.014084 7.4658e-06
1  1  0  -1  -0.8  0.014777 7.7826e-06
1  1  0  -1  -1  0.017021 9.1106e-06
1  1  0  -1  0.2  0.026711 1.5278e-05
1  1  0  -1  0.4  0.033709 1.5977e-05
1  1  0  -1  0.6  0.042292 2.029e-05
1  1  0  -1  0.8  0.052385 2.3213e-05
1  1  0  -1  0  0.021247 1.1286e-05
1  1  0  -1  1  0.064001 2.7437e-05
1  1  0  0.0  -0.2  0.012231 6.2133e-06
1  1  0  0.2  -0.2  0.011584 5.8798e-06
1  1  0  0.2  -0.4  0.011205 5.2261e-06
1  1  0  0.2  -0.6  0.012375 7.2303e-06
1  1  0  0.2  -0.8  0.015098 1.0022e-05
1  1  0  0.2  -1  0.019351 1.3277e-05
1  1  0  0.2  0.2  0.016945 8.9232e-06
1  1  0  0.2  0.4  0.021945 1.1e-05
1  1  0  0.2  0.6  0.028488 1.2873e-05
1  1  0  0.2  0.8  0.036596 1.785e-05
1  1  0  0.2  0  0.013504 6.7965e-06
1  1  0  0.2  1  0.046217 2.1465e-05
1  1  0  0.4  -0.2  0.011039 6.1535e-06
1  1  0  0.4  -0.4  0.011013 5.9886e-06
1  1  0  0.4  -0.6  0.012512 7.541e-06
1  1  0  0.4  -0.8  0.015554 1.0065e-05
1  1  0  0.4  -1  0.020155 1.2351e-05
1  1  0  0.4  0.2  0.015762 7.8103e-06
1  1  0  0.4  0.4  0.020418 1.0339e-05
1  1  0  0.4  0.6  0.026613 1.2665e-05
1  1  0  0.4  0.8  0.034362 1.7826e-05
1  1  0  0.4  0  0.012634 6.6098e-06
1  1  0  0.4  1  0.043635 2.2183e-05
1  1  0  0.6  -0.2  0.010637 5.8087e-06
1  1  0  0.6  -0.4  0.010937 6.7057e-06
1  1  0  0.6  -0.6  0.012783 7.8091e-06
1  1  0  0.6  -0.8  0.016167 1.1038e-05
1  1  0  0.6  -1  0.021095 1.3324e-05
1  1  0  0.6  0.2  0.014672 7.6948e-06
1  1  0  0.6  0.4  0.018991 1.0012e-05
1  1  0  0.6  0.6  0.024876 1.3425e-05
1  1  0  0.6  0.8  0.032295 1.4993e-05
1  1  0  0.6  0  0.01189 6.5059e-06
1  1  0  0.6  1  0.041235 1.9775e-05
1  1  0  0.8  -0.2  0.010358 5.6209e-06
1  1  0  0.8  -0.4  0.010992 7.1984e-06
1  1  0  0.8  -0.6  0.013165 8.0429e-06
1  1  0  0.8  -0.8  0.016883 1.0278e-05
1  1  0  0.8  -1  0.022131 1.4626e-05
1  1  0  0.8  0.2  0.013717 7.4906e-06
1  1  0  0.8  0.4  0.017715 9.6883e-06
1  1  0  0.8  0.6  0.023217 1.3204e-05
1  1  0  0.8  0.8  0.030298 1.5927e-05
1  1  0  0.8  0  0.011276 6.452e-06
1  1  0  0.8  1  0.038975 2.0766e-05
1  1  0  0  -0.2  0.012227 6.6e-06
1  1  0  0  -0.4  0.011532 6.0117e-06
1  1  0  0  -0.6  0.012356 7.0638e-06
1  1  0  0  -0.8  0.014734 9.1327e-06
1  1  0  0  -1  0.018658 1.151e-05
1  1  0  0  0.2  0.018272 9.851e-06
1  1  0  0  0.4  0.023628 1.3439e-05
1  1  0  0  0.6  0.030478 1.5889e-05
1  1  0  0  0.8  0.038876 1.8934e-05
1  1  0  0  0  0.014481 7.9781e-06
1  1  0  0  1  0.04885 2.5026e-05
1  1  0  1.0  -0.2  0.010183 6.1065e-06
1  1  0  1  -0.2  0.010183 5.9999e-06
1  1  0  1  -0.4  0.011151 6.5361e-06
1  1  0  1  -0.6  0.013667 8.1374e-06
1  1  0  1  -0.8  0.017715 1.0934e-05
1  1  0  1  -1  0.023302 1.3665e-05
1  1  0  1  0.2  0.012876 6.474e-06
1  1  0  1  0.4  0.01653 9.058e-06
1  1  0  1  0.6  0.021737 1.1549e-05
1  1  0  1  0.8  0.028465 1.3834e-05
1  1  0  1  0  0.01076 5.6612e-06
1  1  0  1  1  0.036751 1.7748e-05
1  1  1.0  -1  1  0.035249 2.1642e-05
1  1  1.0  0  1  0.041636 2.2321e-05
1  1  1.5  -0.2  0.2  0.19897 9.998e-05
1  1  1.5  -0.4  0.4  0.17839 8.957e-05
1  1  1.5  -0.6  0.6  0.16029 8.285e-05
1  1  1.5  -0.8  0.8  0.14439 7.5118e-05
1  1  1.5  -1  1  0.13114 6.9612e-05
1  1  1.5  0.2  -0.2  0.24662 0.00012164
1  1  1.5  0.4  -0.4  0.27424 0.00014901
1  1  1.5  0.6  -0.6  0.30406 0.00013546
1  1  1.5  0.8  -0.8  0.33594 0.00016169
1  1  1.5  0  -0.2  0.24073 0.00011635
1  1  1.5  0  -0.4  0.26162 0.00014756
1  1  1.5  0  -0.6  0.28406 0.00014758
1  1  1.5  0  -0.8  0.30792 0.00014268
1  1  1.5  0  -1  0.33323 0.00017519
1  1  1.5  0  0.2  0.20392 0.00010324
1  1  1.5  0  0.4  0.18768 9.0848e-05
1  1  1.5  0  0.6  0.17309 9.3479e-05
1  1  1.5  0  0.8  0.15992 8.6575e-05
1  1  1.5  0  0  0.22165 0.00011635
1  1  1.5  0  1  0.14821 8.3762e-05
1  1  1.5  1  -1  0.37062 0.00016073
1  1  1  -0.2  0.2  0.065571 3.3043e-05
1  1  1  -0.4  0.4  0.054487 3.4192e-05
1  1  1  -0.6  0.6  0.04575 2.6901e-05
1  1  1  -0.8  0.8  0.039284 2.2269e-05
1  1  1  0.2  -0.2  0.09492 4.4611e-05
1  1  1  0.4  -0.4  0.11289 5.7153e-05
1  1  1  0.6  -0.6  0.1334 6.049e-05
1  1  1  0.8  -0.8  0.15615 7.2038e-05
1  1  1  0  -0.2  0.091148 2.9502e-05
1  1  1  0  -0.6  0.12 5.6248e-05
1  1  1  0  -0.8  0.13676 6.5156e-05
1  1  1  0  -1  0.15498 7.8727e-05
1  1  1  0  0.2  0.06845 3.3748e-05
1  1  1  0  0.4  0.059454 3.5405e-05
1  1  1  0  0.6  0.052008 2.9767e-05
1  1  1  0  0.8  0.046037 2.4341e-05
1  1  1  0  0  0.079071 4.5748e-05
1  1  1  1  -1  0.18126 8.5284e-05
1  1  2.0  -1  1  0.30047 0.00015807
1  1  2.0  0  1  0.32855 0.00016859
1  1  2.5  -0.2  0.2  0.68572 0.00035665
1  1  2.5  -0.4  0.4  0.64699 0.00035059
1  1  2.5  -0.6  0.6  0.60999 0.00030461
1  1  2.5  -0.8  0.8  0.57582 0.00031816
1  1  2.5  -1  1  0.54326 0.00031859
1  1  2.5  0.2  -0.2  0.77098 0.00038265
1  1  2.5  0.4  -0.4  0.81698 0.00038793
1  1  2.5  0.6  -0.6  0.86602 0.00042925
1  1  2.5  0.8  -0.8  0.91644 0.00046614
1  1  2.5  0  -0.2  0.76098 0.00039781
1  1  2.5  0  -0.4  0.79619 0.0004052
1  1  2.5  0  -0.6  0.8328 0.00039073
1  1  2.5  0  -0.8  0.87134 0.00045345
1  1  2.5  0  -1  0.91107 0.00046935
1  1  2.5  0  0.2  0.69544 0.00034331
1  1  2.5  0  0.4  0.66428 0.00034093
1  1  2.5  0  0.6  0.6354 0.00030099
1  1  2.5  0  0.8  0.60788 0.00032118
1  1  2.5  0  0  0.72744 0.00040451
1  1  2.5  0  1  0.5824 0.00028255
1  1  2.5  1  -1  0.96897 0.00042856
1  1  2  -0.2  0.2  0.40573 0.00019688
1  1  2  -0.4  0.4  0.37603 0.00019396
1  1  2  -0.6  0.6  0.34815 0.0001871
1  1  2  -0.8  0.8  0.32318 0.00015335
1  1  2  0.2  -0.2  0.47245 0.00021921
1  1  2  0.4  -0.4  0.50897 0.00024945
1  1  2  0.6  -0.6  0.54744 0.00029046
1  1  2  0.8  -0.8  0.58934 0.00025496
1  1  2  0  -0.2  0.4645 0.00022875
1  1  2  0  -0.4  0.49214 0.00023811
1  1  2  0  -0.6  0.52181 0.00024781
1  1  2  0  -0.8  0.55241 0.00027457
1  1  2  0  -1  0.58572 0.00027889
1  1  2  0  0.2  0.41272 0.00019872
1  1  2  0  0.4  0.38929 0.00019725
1  1  2  0  0.6  0.36742 0.00019432
1  1  2  0  0.8  0.34726 0.00020251
1  1  2  0  0  0.4376 0.00022519
1  1  2  1  -1  0.63331 0.00032377
1  1  3  -0.2  -0.2  1.1188 0.00052787
1  1  3  -0.2  0.2  1.0388 0.0005409
1  1  3  -0.4  -0.4  1.1489 0.00056624
1  1  3  -0.4  0.4  0.99032 0.00048197
1  1  3  -0.6  -0.6  1.1789 0.00056619
1  1  3  -0.6  0.6  0.94498 0.00045873
1  1  3  -0.8  -0.8  1.2108 0.00067213
1  1  3  -0.8  0.8  0.90169 0.00050744
1  1  3  -1  -1  1.2434 0.00064317
1  1  3  -1  1  0.85986 0.00045264
1  1  3  0.2  -0.2  1.1433 0.00053454
1  1  3  0.2  0.2  1.062 0.00054885
1  1  3  0.4  -0.4  1.1992 0.00058225
1  1  3  0.4  0.4  1.0355 0.00048873
1  1  3  0.6  -0.6  1.2565 0.00061035
1  1  3  0.6  0.6  1.0106 0.00047692
1  1  3  0.8  -0.8  1.3167 0.00071004
1  1  3  0.8  0.8  0.98587 0.00053344
1  1  3  0  -0.2  1.131 0.00058032
1  1  3  0  -0.4  1.1734 0.00055852
1  1  3  0  -0.6  1.2171 0.00061059
1  1  3  0  -0.8  1.2624 0.00064342
1  1  3  0  -1  1.31 0.00073313
1  1  3  0  0.2  1.0505 0.00060745
1  1  3  0  0.4  1.0131 0.00053785
1  1  3  0  0.6  0.97682 0.00047142
1  1  3  0  0.8  0.94202 0.0004988
1  1  3  0  0  1.0905 0.00063968
1  1  3  0  1  0.9091 0.0005121
1  1  3  1  -1  1.3792 0.00068558
1  2.25  2.5  0  0  0.15654 0.00011015
1  2.5  2.5  0  0  0.1441 8.0634e-05
1  2  2.5  0  0  0.22999 0.00015045
2.4  0.5  -0.5  0  0  0.026687 1.671e-05
2.4  0.5  -1.0  0  0  0.11946 5.9919e-05
2.4  0.5  -2.0  0  0  0.5092 0.00029245
2.4  0.5  -3.0  0  0  1.1708 0.00057179
2.4  0.5  0.0  0  0  0.0018488 9.6042e-07
2.4  0.5  0.5  0  0  0.045039 1.4792e-05
2.4  0.5  1.0  0  0  0.15623 6.8795e-05
2.4  0.5  2.0  0  0  0.58305 0.00031218
2.4  0.5  3.0  0  0  1.2814 0.00063166
2.4  0.75  0.0  0  0  0.002679 2.2402e-06
2.4  1.0  -0.5  0  0  0.050525 2.8985e-05
2.4  1.0  -1.0  0  0  0.16327 8.6431e-05
2.4  1.0  -2.0  0  0  0.5931 0.00031507
2.4  1.0  -3.0  0  0  1.2941 0.00072155
2.4  1.0  0.0  0  0  0.005734 3.0385e-06
2.4  1.0  0.5  0  0  0.028997 1.1528e-05
2.4  1.0  1.0  0  0  0.12026 5.732e-05
2.4  1.0  2.0  0  0  0.50713 0.00023836
2.4  1.0  3.0  0  0  1.1653 0.00062252
2.4  1.25  0.0  0  0  0.016127 1.0693e-05
2.4  1.5  -0.5  0  0  0.13547 7.0382e-05
2.4  1.5  -1  0  0  0.3213 0.00016955
2.4  1.5  -2.0  0  0  0.8246 0.00045221
2.4  1.5  -3.0  0  0  1.6245 0.00085119
2.4  1.5  0.0  0  0  0.041647 2.3575e-05
2.4  1.5  0.5  0  0  0.015851 9.5119e-06
2.4  1.5  1.0  0  0  0.058125 2.5585e-05
2.4  1.5  2.0  0  0  0.3464 0.00016013
2.4  1.5  3.0  0  0  0.90739 0.00046785
2.4  1.75  0.0  0  0  0.092836 5.1223e-05
2.4  1  0  -0.2  0.2  0.0068884 4.0145e-06
2.4  1  0  -0.4  0.4  0.011493 6.3654e-06
2.4  1  0  -0.6  0.6  0.019931 1.0116e-05
2.4  1  0  -0.8  0.8  0.032263 1.5479e-05
2.4  1  0  -1  1  0.048427 2.1367e-05
2.4  1  0  0.2  -0.2  0.0092502 4.5313e-06
2.4  1  0  0.4  -0.4  0.016198 6.9126e-06
2.4  1  0  0.6  -0.6  0.027014 1.2658e-05
2.4  1  0  0.8  -0.8  0.041673 1.548e-05
2.4  1  0  0  0  0.0061464 3.4484e-06
2.4  1  0  1  -1  0.060195 2.4815e-05
2.4  2.0  -0.5  0  0  0.35474 0.00020737
2.4  2.0  -1.0  0  0  0.59492 0.00035331
2.4  2.0  -2.0  0  0  1.2784 0.00068943
2.4  2.0  -3.0  0  0  2.2357 0.0011389
2.4  2.0  0.0  0  0  0.18297 0.00010253
2.4  2.0  0.5  0  0  0.07896 5.024e-05
2.4  2.0  1.0  0  0  0.043054 2.547e-05
2.4  2.0  2.0  0  0  0.17527 9.3782e-05
2.4  2.0  3.0  0  0  0.57925 0.00032409
2.4  2.25  0.0  0  0  0.32782 0.0001814
2.4  2.5  -0.5  0  0  0.82508 0.00051189
2.4  2.5  -1.0  0  0  1.1725 0.00063316
2.4  2.5  -2.0  0  0  2.0715 0.0010921
2.4  2.5  0.0  0  0  0.54627 0.000318
2.4  2.5  0.5  0  0  0.33504 0.0001785
2.4  2.5  1.0  0  0  0.19166 0.00011
2.4  2.5  2.0  0  0  0.10926 6.3513e-05
2.4  2.5  3.0  0  0  0.29917 0.00018626
3.5  0.5  -0.5  0  0  0.021839 1.2377e-05
3.5  0.5  -1  0  0  0.11118 6.2052e-05
3.5  0.5  -2  0  0  0.51021 0.00027745
3.5  0.5  -3  0  0  1.2038 0.0006713
3.5  0.5  0.0  0  0  0.0057917 2.6166e-06
3.5  0.5  1  0  0  0.19472 9.7199e-05
3.5  0.5  2.5  0  0  1.0299 0.00048623
3.5  0.5  2  0  0  0.6775 0.00032539
3.5  0.5  3  0  0  1.4547 0.00069048
3.5  0.75  0.0  0  0  0.0085539 4.2404e-06
3.5  0.75  0.5  0  0  0.061665 2.4297e-05
3.5  0.75  1.0  0  0  0.18294 8.0948e-05
3.5  1.0  0.0  0  0  0.010827 5.282e-06
3.5  1.0  0.5  0  0  0.058715 2.3866e-05
3.5  1.0  2.5  0  0  0.98418 0.00042434
3.5  1.25  0.0  0  0  0.015741 7.6683e-06
3.5  1.25  0.5  0  0  0.045327 2.1778e-05
3.5  1.25  1.0  0  0  0.14291 6.0344e-05
3.5  1.5  -0.5  0  0  0.098346 5.5857e-05
3.5  1.5  -1  0  0  0.23906 0.00013961
3.5  1.5  -2  0  0  0.74045 0.00038502
3.5  1.5  -3  0  0  1.5362 0.00094115
3.5  1.5  0.0  0  0  0.029076 1.7585e-05
3.5  1.5  0.5  0  0  0.037662 1.7581e-05
3.5  1.5  1  0  0  0.11752 4.3754e-05
3.5  1.5  2  0  0  0.49776 0.00021147
3.5  1.5  3  0  0  1.1717 0.0005073
3.5  1.75  0.0  0  0  0.059374 3.5908e-05
3.5  1.75  0.5  0  0  0.036215 1.6844e-05
3.5  1.75  1.0  0  0  0.081021 3.6315e-05
3.5  1  0  -2.5  2.5  0.33198 0.00013111
3.5  2.0  -0.5  0  0  0.2666 0.00014017
3.5  2.0  -1  0  0  0.47939 0.00025348
3.5  2.0  -2  0  0  1.1254 0.00058337
3.5  2.0  -3  0  0  2.0638 0.0011471
3.5  2.0  0.0  0  0  0.11775 6.7949e-05
3.5  2.0  0.5  0  0  0.061618 3.2566e-05
3.5  2.0  1  0  0  0.06941 3.161e-05
3.5  2.0  2  0  0  0.3055 0.00013737
3.5  2.0  3  0  0  0.83514 0.00038236
3.5  2.25  0.0  0  0  0.21836 0.00012448
3.5  2.25  0.5  0  0  0.1134 7.3716e-05
3.5  2.25  1.0  0  0  0.076411 4.0494e-05
3.5  2.5  -0.5  0  0  0.6488 0.00035065
3.5  2.5  -1  0  0  0.96556 0.00050024
3.5  2.5  -2  0  0  1.8167 0.00099912
3.5  2.5  -3  0  0  2.9624 0.0015282
3.5  2.5  0.0  0  0  0.37734 0.00020815
3.5  2.5  0.5  0  0  0.23793 0.0001371
3.5  2.5  1  0  0  0.14251 8.2382e-05
3.5  2.5  2  0  0  0.17237 9.0148e-05
3.5  2.5  3  0  0  0.49622 0.0002323
3.5  2  0.5  0  0  0.061609 3.4842e-05
3.5  2  1.5  0  0  0.15069 6.3776e-05
3.5  2  2.0  0  0  0.30573 0.00014094
3.5  2  2.5  0  0  0.53399 0.00025377
5.0  0.5  0.0  0  0  0.015146 6.9446e-06
5.0  0.75  0.0  0  0  0.025503 1.3094e-05
5.0  0.75  0.5  0  0  0.10093 3.7877e-05
5.0  0.75  1.0  0  0  0.24439 0.00010984
5.0  0.75  2.0  0  0  0.73519 0.00033025
5.0  0.75  3.0  0  0  1.4988 0.00066735
5.0  1.0  0.0  0  0  0.033683 1.8385e-05
5.0  1.25  0.0  0  0  0.040067 1.9619e-05
5.0  1.25  0.5  0  0  0.10667 3.9751e-05
5.0  1.25  1.0  0  0  0.24129 9.7959e-05
5.0  1.25  2.0  0  0  0.71477 0.00031953
5.0  1.25  3.0  0  0  1.4608 0.00067152
5.0  1.5  -1  0  0  0.16349 9.9017e-05
5.0  1.5  0.0  0  0  0.047703 2.5125e-05
5.0  1.75  0.0  0  0  0.062428 3.024e-05
5.0  1.75  0.5  0  0  0.091234 4.5692e-05
5.0  1.75  1.0  0  0  0.18789 7.8872e-05
5.0  1.75  2.0  0  0  0.58534 0.00022865
5.0  1.75  3.0  0  0  1.2556 0.00034654
5.0  2.0  0.0  0  0  0.092627 4.5565e-05
5.0  2.25  0.0  0  0  0.14966 8.9802e-05
5.0  2.25  0.5  0  0  0.11141 5.5345e-05
5.0  2.25  1.0  0  0  0.14121 6.63e-05
5.0  2.25  2.0  0  0  0.4048 0.0001558
5.0  2.25  3.0  0  0  0.94033 0.00041368
5.0  2.5  0.0  0  0  0.24723 0.00017441
5.  0.5  -0.5  0  0  0.014262 8.8519e-06
5.  0.5  -1.0  0  0  0.081424 4.0699e-05
5.  0.5  -2.0  0  0  0.42 0.00021717
5.  0.5  -3.0  0  0  1.0305 0.00058423
5.  0.5  0.5  0  0  0.084122 3.9382e-05
5.  0.5  1.0  0  0  0.2211 0.00010542
5.  0.5  2.0  0  0  0.69913 0.00036797
5.  0.5  3.0  0  0  1.4486 0.00063165
5.  1.0  -0.5  0  0  0.027004 1.3732e-05
5.  1.0  -1.0  0  0  0.088402 5.1653e-05
5.  1.0  -2.0  0  0  0.41545 0.00022539
5.  1.0  -3.0  0  0  1.0143 0.0006255
5.  1.0  0.5  0  0  0.10838 4.5143e-05
5.  1.0  1.0  0  0  0.25107 9.645e-05
5.  1.0  2.0  0  0  0.74001 0.00034939
5.  1.0  3.0  0  0  1.5019 0.00073718
5.  1.5  -0.5  0  0  0.064393 3.8071e-05
5.  1.5  -2.0  0  0  0.52266 0.00027328
5.  1.5  -3.0  0  0  1.1675 0.00060227
5.  1.5  0.5  0  0  0.099057 4.2027e-05
5.  1.5  1.0  0  0  0.21842 8.3743e-05
5.  1.5  2.0  0  0  0.66131 0.00031988
5.  1.5  3.0  0  0  1.3759 0.00057906
5.  2.0  -0.5  0  0  0.16176 9.668e-05
5.  2.0  -1.0  0  0  0.29918 0.0001702
5.  2.0  -2.0  0  0  0.77741 0.00041753
5.  2.0  -3.0  0  0  1.5268 0.00084344
5.  2.0  0.5  0  0  0.09154 4.445e-05
5.  2.0  1.0  0  0  0.1585 6.8942e-05
5.  2.0  2.0  0  0  0.49621 0.00018916
5.  2.0  3.0  0  0  1.1065 0.00046463
5.  2.5  -0.5  0  0  0.39795 0.00025364
5.  2.5  -1.0  0  0  0.61651 0.00031413
5.  2.5  -2.0  0  0  1.257 0.00067687
5.  2.5  -3.0  0  0  2.1712 0.001221
5.  2.5  0.5  0  0  0.16465 9.3447e-05
5.  2.5  1.0  0  0  0.14998 6.699e-05
5.  2.5  2.0  0  0  0.32494 0.00015426
5.  2.5  3.0  0  0  0.77142 0.00033652
5  1  0  -0.2  0.2  0.017547 9.7992e-06
5  1  0  -0.4  0.4  0.0084894 4.329e-06
5  1  0  -0.6  0.6  0.0073679 4.1974e-06
5  1  0  -0.8  0.8  0.014172 7.4324e-06
5  1  0  -1  1  0.028919 1.5951e-05
5  1  0  0.2  -0.2  0.05946 2.6137e-05
5  1  0  0.4  -0.4  0.092344 3.7733e-05
5  1  0  0.6  -0.6  0.13314 5.3566e-05
5  1  0  0.8  -0.8  0.18177 7.8639e-05
5  1  0  0  0  0.034561 1.8092e-05
5  1  0  1  -1  0.23848 9.702e-05
7.5  -1  1.5  0  0  0.097012 4.6503e-05
7.5  0.5  -0.5  0  0  0.0153 7.9683e-06
7.5  0.5  -1.0  0  0  0.057663 3.5385e-05
7.5  0.5  -2.0  0  0  0.34671 0.00021075
7.5  0.5  -3.0  0  0  0.90772 0.00053203
7.5  0.5  0.0  0  0  0.0409 1.8194e-05
7.5  0.5  0.5  0  0  0.13449 6.1294e-05
7.5  0.5  1.0  0  0  0.29624 0.00012202
7.5  0.5  2.0  0  0  0.82344 0.00037183
7.5  0.5  3.0  0  0  1.6241 0.00079788
7.5  1.0  -0.5  0  0  0.056403 2.9328e-05
7.5  1.0  -1.0  0  0  0.068227 4.035e-05
7.5  1.0  -2.0  0  0  0.29625 0.00016702
7.5  1.0  -3.0  0  0  0.79658 0.00045524
7.5  1.0  0.0  0  0  0.11258 5.7673e-05
7.5  1.0  0.5  0  0  0.23676 9.338e-05
7.5  1.0  1.0  0  0  0.42876 0.00018901
7.5  1.0  2.0  0  0  1.0169 0.00043627
7.5  1.0  3.0  0  0  1.8768 0.00089312
7.5  1.5  -0.5  0  0  0.11294 5.3561e-05
7.5  1.5  -1  0  0  0.13298 6.5517e-05
7.5  1.5  -2.0  0  0  0.34866 0.00023487
7.5  1.5  -3.0  0  0  0.84561 0.00044727
7.5  1.5  0.0  0  0  0.17052 7.9273e-05
7.5  1.5  0.5  0  0  0.29609 0.0001374
7.5  1.5  1.0  0  0  0.48955 0.00020898
7.5  1.5  2.0  0  0  1.0808 0.00041958
7.5  1.5  3.0  0  0  1.9445 0.00082478
7.5  2.0  -0.5  0  0  0.18396 8.5058e-05
7.5  2.0  -1.0  0  0  0.22227 0.00012424
7.5  2.0  -2.0  0  0  0.50236 0.00030298
7.5  2.0  -3.0  0  0  1.0555 0.00057883
7.5  2.0  0.0  0  0  0.21372 0.00010383
7.5  2.0  0.5  0  0  0.31153 0.00014188
7.5  2.0  1.0  0  0  0.47746 0.00022322
7.5  2.0  2.0  0  0  1.0136 0.00035361
7.5  2.0  3.0  0  0  1.8205 0.00073995
7.5  2.5  -0.5  0  0  0.31189 0.00014892
7.5  2.5  -1.0  0  0  0.40695 0.00021006
7.5  2.5  -2.0  0  0  0.80111 0.00047678
7.5  2.5  -3.0  0  0  1.467 0.00080301
7.5  2.5  0.0  0  0  0.28459 0.00013684
7.5  2.5  0.5  0  0  0.32584 0.00016286
7.5  2.5  1.0  0  0  0.43483 0.00019112
7.5  2.5  2.0  0  0  0.85691 0.00033431
7.5  2.5  3.0  0  0  1.5518 0.00063465




295 -5.0  1.0  0  0  0  0.23758 9.4274e-05
292 -5 0.5 0 0 0
178 -1 1 0 0 0
1337 5 1 0 0 0


938 1 1 0 -0.6 0


636 1 1 -0.5 0 0
1018 1 1 0 0 0


893 1 1 0.5 0 0
1018 1 1 0 0 0


767 1 1 -2 0 0

702 -710
707 1 1 -2.4 0 0.6
1  1  -2.4  0  -0.2  1.0221 0.00054919
1  1  -2.4  0  -0.4  0.98766 0.00052077
1  1  -2.4  0  -0.6  0.95377 0.00049246
1  1  -2.4  0  -0.8  0.92199 0.00056687
1  1  -2.4  0  0.2  1.0975 0.00051935
1  1  -2.4  0  0.4  1.1374 0.00061653
1  1  -2.4  0  0.6  1.179 0.00058387
1  1  -2.4  0  0.8  1.2218 0.00062938
1  1  -2.4  0  1  1.265 0.00061896

rm /lustre/cmswork/carvalho/lhe_clustering/all_oct_15_lhe/L-5.0kt1.0cT0cg0c2g0.lhe
rm /lustre/cmswork/carvalho/lhe_clustering/all_oct_15_lhe/L-5.0kt0.5cT0.0cg0c2g0.lhe
rm /lustre/cmswork/carvalho/lhe_clustering/all_oct_15_lhe/L-1kt1cT0cg0c2g0.lhe
rm /lustre/cmswork/carvalho/lhe_clustering/all_oct_15_lhe/L5kt1cT0cg0c2g0.lhe
rm /lustre/cmswork/carvalho/lhe_clustering/all_oct_15_lhe/L1kt1cT0cg-0.6c2g0.lhe
rm /lustre/cmswork/carvalho/lhe_clustering/all_oct_15_lhe/L1kt1cT-0.5cg0c2g0.lhe
rm /lustre/cmswork/carvalho/lhe_clustering/all_oct_15_lhe/L1kt1cT0cg0c2g0.lhe
rm /lustre/cmswork/carvalho/lhe_clustering/all_oct_15_lhe/L1kt1cT0.5cg0c2g0.lhe
rm /lustre/cmswork/carvalho/lhe_clustering/all_oct_15_lhe/L1kt1cT-2cg0c2g0.lhe
rm /lustre/cmswork/carvalho/lhe_clustering/all_oct_15_lhe/L1kt1cT-2.4cg0c2g-0.2.lhe
rm /lustre/cmswork/carvalho/lhe_clustering/all_oct_15_lhe/L1kt1cT-2.4cg0c2g-0.4.lhe
rm /lustre/cmswork/carvalho/lhe_clustering/all_oct_15_lhe/L1kt1cT-2.4cg0c2g-0.6.lhe
rm /lustre/cmswork/carvalho/lhe_clustering/all_oct_15_lhe/L1kt1cT-2.4cg0c2g-0.8.lhe
rm /lustre/cmswork/carvalho/lhe_clustering/all_oct_15_lhe/L1kt1cT-2.4cg0c2g0.2.lhe
rm /lustre/cmswork/carvalho/lhe_clustering/all_oct_15_lhe/L1kt1cT-2.4cg0c2g0.4.lhe
rm /lustre/cmswork/carvalho/lhe_clustering/all_oct_15_lhe/L1kt1cT-2.4cg0c2g0.6.lhe
rm /lustre/cmswork/carvalho/lhe_clustering/all_oct_15_lhe/L1kt1cT-2.4cg0c2g0.8.lhe
rm /lustre/cmswork/carvalho/lhe_clustering/all_oct_15_lhe/L1kt1cT-2.4cg0c2g1.lhe
rm /lustre/cmswork/carvalho/lhe_clustering/all_oct_15_lhe/L1kt0.25cT-0.5cg0c2g0.lhe
rm /lustre/cmswork/carvalho/lhe_clustering/all_oct_15_lhe/L1kt0.25cT0.5cg0c2g0.lhe
rm /lustre/cmswork/carvalho/lhe_clustering/all_oct_15_lhe/L1kt0.25cT1.5cg0c2g0.lhe
rm /lustre/cmswork/carvalho/lhe_clustering/all_oct_15_lhe/L1kt0.25cT1cg0c2g0.lhe
rm /lustre/cmswork/carvalho/lhe_clustering/all_oct_15_lhe/L1kt0.25cT2cg0c2g0.lhe

594-598
1  0.25  -0.5  0  0  0.035487 1.9272e-05
1  0.25  0.5  0  0  0.038163 1.7935e-05
1  0.25  1.5  0  0  0.33455 0.00016309
1  0.25  1  0  0  0.1498 7.7874e-05
1  0.25  2  0  0  0.59391 0.00028639

