-5.0 0.75 0.0 0.0 0.0 .12202E+01
-5.0 1.25 0.0 0.0 0.0 .41944E+00
-5.0 1.75 0.0 0.0 0.0 .11035E+01
-5.0 2.25 0.0 0.0 0.0 .23617E+01
-3.5 0.75 0.0 0.0 0.0 .65908E-01
-3.5 1.25 0.0 0.0 0.0 .28135E+00
-3.5 1.75 0.0 0.0 0.0 .78767E+00
-3.5 2.25 0.0 0.0 0.0 .17676E+01
-2.4 0.75 0.0 0.0 0.0 .42008E-01
-2.4 1.25 0.0 0.0 0.0 .19829E+00
-2.4 1.75 0.0 0.0 0.0 .59224E+00
-2.4 2.25 0.0 0.0 0.0 .13903E+01
-1.0 0.75 0.0 0.0 0.0 .19612E-01
-1.0 1.25 0.0 0.0 0.0 .11477E+00
-1.0 1.75 0.0 0.0 0.0 .38719E+00
-1.0 2.25 0.0 0.0 0.0 .98163E+00
1.0 0.75 0.0 0.0 0.0 .32336E-02
1.0 1.25 0.0 0.0 0.0 .38918E-01
1.0 1.75 0.0 0.0 0.0 .17918E+00
1.0 2.25 0.0 0.0 0.0 .53932E+00
2.4 0.75 0.0 0.0 0.0 .26790E-02
2.4 1.25 0.0 0.0 0.0 .16127E-01
2.4 1.75 0.0 0.0 0.0 .92836E-01
2.4 2.25 0.0 0.0 0.0 .32782E+00
3.5 0.75 0.0 0.0 0.0 .85539E-02
3.5 1.25 0.0 0.0 0.0 .15741E-01
3.5 1.75 0.0 0.0 0.0 .59374E-01
3.5 2.25 0.0 0.0 0.0 .21836E+00
5.0 0.75 0.0 0.0 0.0 .25503E-01
5.0 1.25 0.0 0.0 0.0 .40067E-01
5.0 1.75 0.0 0.0 0.0 .62428E-01
5.0 2.25 0.0 0.0 0.0 .14966E+00
3.5 0.75 0.5 0.0 0.0 .61665E-01
3.5 1.25 0.5 0.0 0.0 .45327E-01
3.5 1.75 0.5 0.0 0.0 .36215E-01
3.5 2.25 0.5 0.0 0.0 .11340E+00
5.0 0.75 0.5 0.0 0.0 .10093E+00
5.0 1.25 0.5 0.0 0.0 .10667E+00
5.0 1.75 0.5 0.0 0.0 .91234E-01
5.0 2.25 0.5 0.0 0.0 .11141E+00
3.5 0.75 1.0 0.0 0.0 .18294E+00
3.5 1.25 1.0 0.0 0.0 .14291E+00
3.5 1.75 1.0 0.0 0.0 .81021E-01
3.5 2.25 1.0 0.0 0.0 .76411E-01
5.0 0.75 1.0 0.0 0.0 .24439E+00
5.0 1.25 1.0 0.0 0.0 .24129E+00
5.0 1.75 1.0 0.0 0.0 .18789E+00
5.0 2.25 1.0 0.0 0.0 .14121E+00
5.0 0.75 2.0 0.0 0.0 .73519E+00
5.0 1.25 2.0 0.0 0.0 .71477E+00
5.0 1.75 2.0 0.0 0.0 .58534E+00
5.0 2.25 2.0 0.0 0.0 .40480E+00
5.0 0.75 3.0 0.0 0.0 .14988E+01
5.0 1.25 3.0 0.0 0.0 .14608E+01
5.0 1.75 3.0 0.0 0.0 .12556E+01
5.0 2.25 3.0 0.0 0.0 .94033E+00
-15.0 0.5 0.0 0.0 0.0 .26746E+00
-15.0 1.0 0.0 0.0 0.0 .12380E+01
-15.0 1.5 0.0 0.0 0.0 .31936E+01
-15.0 2.0 0.0 0.0 0.0 .64634E+01
-15.0 2.5 0.0 0.0 0.0 .11414E+02
-12.5 0.5 0.0 0.0 0.0 .19156E+00
-12.5 1.0 0.0 0.0 0.0 .90850E+00
-12.5 1.5 0.0 0.0 0.0 .23979E+01
-12.5 2.0 0.0 0.0 0.0 .49489E+01
-10.0 0.5 0.0 0.0 0.0 .12800E+00
-10.0 1.0 0.0 0.0 0.0 .63094E+00
-10.0 1.5 0.0 0.0 0.0 .17193E+01
-10.0 2.0 0.0 0.0 0.0 .36464E+01
-10.0 2.5 0.0 0.0 0.0 .67114E+01
-7.5 0.5 0.0 0.0 0.0 .77363E-01
-7.5 1.0 0.0 0.0 0.0 .40366E+00
-7.5 1.5 0.0 0.0 0.0 .11542E+01
-7.5 2.0 0.0 0.0 0.0 .25436E+01
-7.5 2.5 0.0 0.0 0.0 .48347E+01
-5.0 0.5 0.0 0.0 0.0 .39398E-01
-3.5 0.5 0.0 0.0 0.0 .22783E-01
-3.5 1.0 0.0 0.0 0.0 .14673E+00
-3.5 1.5 0.0 0.0 0.0 .48777E+00
-3.5 2.0 0.0 0.0 0.0 .12048E+01
-3.5 2.5 0.0 0.0 0.0 .25032E+01
-2.4 0.5 0.0 0.0 0.0 .13497E-01
-2.4 1.0 0.0 0.0 0.0 .98963E-01
-2.4 1.5 0.0 0.0 0.0 .35644E+00
-2.4 2.0 0.0 0.0 0.0 .92893E+00
-2.4 2.5 0.0 0.0 0.0 .20020E+01
-1.0 0.5 0.0 0.0 0.0 .52491E-02
-1.0 1.0 0.0 0.0 0.0 .52398E-01
-1.0 1.5 0.0 0.0 0.0 .22084E+00
-1.0 2.0 0.0 0.0 0.0 .63318E+00
-1.0 2.5 0.0 0.0 0.0 .14560E+01
1.0 0.5 0.0 0.0 0.0 .39551E-03
1.0 1.0 0.0 0.0 0.0 .13531E-01
1.0 1.5 0.0 0.0 0.0 .89747E-01
1.0 2.0 0.0 0.0 0.0 .32296E+00
1.0 2.5 0.0 0.0 0.0 .84938E+00
2.4 0.5 0.0 0.0 0.0 .18488E-02
2.4 1.0 0.0 0.0 0.0 .57340E-02
2.4 1.5 0.0 0.0 0.0 .41647E-01
2.4 2.0 0.0 0.0 0.0 .18297E+00
2.4 2.5 0.0 0.0 0.0 .54627E+00
3.5 0.5 0.0 0.0 0.0 .57917E-02
3.5 1.0 0.0 0.0 0.0 .10827E-01
3.5 1.5 0.0 0.0 0.0 .29076E-01
3.5 2.0 0.0 0.0 0.0 .11775E+00
3.5 2.5 0.0 0.0 0.0 .37734E+00
5.0 0.5 0.0 0.0 0.0 .15146E-01
5.0 1.0 0.0 0.0 0.0 .33683E-01
5.0 1.5 0.0 0.0 0.0 .47703E-01
5.0 2.0 0.0 0.0 0.0 .92627E-01
5.0 2.5 0.0 0.0 0.0 .24723E+00
7.5 0.5 0.0 0.0 0.0 .40900E-01
7.5 1.0 0.0 0.0 0.0 .11258E+00
7.5 1.5 0.0 0.0 0.0 .17052E+00
7.5 2.0 0.0 0.0 0.0 .21372E+00
7.5 2.5 0.0 0.0 0.0 .28459E+00
10.0 0.5 0.0 0.0 0.0 .79358E-01
10.0 1.0 0.0 0.0 0.0 .24237E+00
10.0 1.5 0.0 0.0 0.0 .40784E+00
10.0 2.0 0.0 0.0 0.0 .53858E+00
10.0 2.5 0.0 0.0 0.0 .64098E+00
12.5 0.5 0.0 0.0 0.0 .13070E+00
12.5 1.0 0.0 0.0 0.0 .42303E+00
12.5 1.5 0.0 0.0 0.0 .75991E+00
12.5 2.0 0.0 0.0 0.0 .10684E+01
12.5 2.5 0.0 0.0 0.0 .13160E+01
15.0 0.5 0.0 0.0 0.0 .19467E+00
15.0 1.0 0.0 0.0 0.0 .65475E+00
15.0 1.5 0.0 0.0 0.0 .12276E+01
15.0 2.0 0.0 0.0 0.0 .18000E+01
15.0 2.5 0.0 0.0 0.0 .23065E+01
