0.0001 1 0 1 1
0.0001 1 0 0.8 0.8
0.0001 1 0 0.6 0.6
0.0001 1 0 0.4 0.4
0.0001 1 0 0.2 0.2
0.0001 1 0 0 0
0.0001 1 0 -1 -1
0.0001 1 0 -0.8 -0.8
0.0001 1 0 -0.6 -0.6
0.0001 1 0 -0.4 -0.4
0.0001 1 0 -0.2 -0.2
1 1 0 1 1
1 1 0 0.8 0.8
1 1 0 0.6 0.6
1 1 0 0.4 0.4
1 1 0 0.2 0.2
1 1 0 0 0
1 1 0 -1 -1
1 1 0 -0.8 -0.8
1 1 0 -0.6 -0.6
1 1 0 -0.4 -0.4
1 1 0 -0.2 -0.2
2.4 1 0 1 1
2.4 1 0 0.8 0.8
2.4 1 0 0.6 0.6
2.4 1 0 0.4 0.4
2.4 1 0 0.2 0.2
2.4 1 0 0 0
2.4 1 0 -1 -1
2.4 1 0 -0.8 -0.8
2.4 1 0 -0.6 -0.6
2.4 1 0 -0.4 -0.4
2.4 1 0 -0.2 -0.2
5 1 0 1 1
5 1 0 0.8 0.8
5 1 0 0.6 0.6
5 1 0 0.4 0.4
5 1 0 0.2 0.2
5 1 0 0 0
5 1 0 -1 -1
5 1 0 -0.8 -0.8
5 1 0 -0.6 -0.6
5 1 0 -0.4 -0.4
5 1 0 -0.2 -0.2
-2.4 1 0 1 1
-2.4 1 0 0.8 0.8
-2.4 1 0 0.6 0.6
-2.4 1 0 0.4 0.4
-2.4 1 0 0.2 0.2
-2.4 1 0 0 0
-2.4 1 0 -1 -1
-2.4 1 0 -0.8 -0.8
-2.4 1 0 -0.6 -0.6
-2.4 1 0 -0.4 -0.4
-2.4 1 0 -0.2 -0.2
-5 1 0 1 1
-5 1 0 0.8 0.8
-5 1 0 0.6 0.6
-5 1 0 0.4 0.4
-5 1 0 0.2 0.2
-5 1 0 0 0
-5 1 0 -1 -1
-5 1 0 -0.8 -0.8
-5 1 0 -0.6 -0.6
-5 1 0 -0.4 -0.4
-5 1 0 -0.2 -0.2
