1 1 0 1 1  0.36757E-01
0.0001 1 0 1 -1  0.22317E-01
1 1 0.5 1 1  0.72153E-02
1 1 0.5 0 0  0.10028E-01
1 2.5 -3 0 0  0.42408E+01
1 1 0.5 -0.6 0.6  0.47182E-02
1 1 0.5 -0.2 0.2  0.59241E-02
1 1 0.5 0 0  0.10028E-01
0.0001 0.5 0 0 0  0.19103E-02
1 1 0.5 0.8 -0.6  0.38899E-01
1 1 0.5 -0.2 -0.4  0.19704E-01
1 1 0.5 0.8 1  0.72349E-02
1 1 0.5 -0.4 0.6  0.45273E-02
1 1 0.5 0 -1  0.50114E-01
0.0001 1 0 0.8 -0.8  0.20907E-01
1 1 0 0.8 1  0.38975E-01
1 1 0.5 0.6 -0.6  0.36357E-01
0.0001 1.0 0 0 0  0.30565E-01
1 1 0.5 1 0  0.17102E-01
1 1 0.5 1 -1  0.65596E-01
1 1 0.5 1 -0.2  0.23701E-01
1 2.5 -2 0 0  0.28341E+01
1 1 0.5 0.6 1  0.73692E-02
1 1 0.5 -0.2 0.6  0.44470E-02
1 1 0.5 0 -0.8  0.38997E-01
1 1 0.5 0.8 0  0.15443E-01
0.0001 1 0 0.6 -0.6  0.20984E-01
1 1 0.5 0.8 -0.2  0.21714E-01
1 1 0.5 0.4 -0.6  0.33925E-01
1 2.5 -1 0 0  0.17206E+01
1 1 0 0.6 1  0.41235E-01
0.0001 1.5 0 0 0  0.15475E+00
1 1 0.5 0.8 -0.8  0.49790E-01
1 1 0.5 0.4 1  0.76253E-02
1 1 0.5 1 0.4  0.85177E-02
1 1 0.5 0.6 -0.2  0.19843E-01
1 1 0.5 0.6 0  0.13907E-01
1 1 0.5 0.2 -0.6  0.31631E-01
0.0001 1 0 0.4 -0.4  0.22642E-01
1 2.5 -0 0 0  0.90313E+00
1 1 0.5 0 -0.6  0.29451E-01
1 1 0 0.4 1  0.43635E-01
1 1 0.5 0.6 -0.6  0.36349E-01
0.0001 2.0 0 0 0  0.48900E+00
1 1 0.5 0.2 1  0.80081E-02
1 1 0.5 0.8 0.4  0.75254E-02
1 1 0.5 0.4 0  0.12485E-01
0.0001 1 0 0.2 -0.2  0.25826E-01
1 1 0.5 0 -0.4  0.21420E-01
1 1 0.5 0.4 -0.2  0.18085E-01
1 1 0 0.2 1  0.46217E-01
1 2.5 1 0 0  0.37892E+00
1 2.5 0 0 0  0.90297E+00
1 1 0.5 0 -0.6  0.29432E-01
1 1 0.5 0.4 -0.4  0.25227E-01
1 1 0.5 0 1  0.85156E-02
1 1 0.5 0.6 0.4  0.66594E-02
1 1 0.5 0 -0.2  0.14939E-01
1 2.5 2 0 0  0.14882E+00
1 1 0.5 0.2 -0.2  0.16448E-01
1 1 0.5 0.2 0  0.11186E-01
1 1 0.5 0.2 -0.2  0.16448E-01
1 1 0.5 -1 -0.6  0.20338E-01
1 1 0 0 1  0.48850E-01
0.0001 1 0 0 0  0.30545E-01
1 0.5 0 0 0  0.42743E-03
1 1 0.5 -1 1  0.12848E-01
1 1 0.5 0.4 0.4  0.59098E-02
1 1 0.5 0 -0.2  0.14940E-01
1 1 1 0 0.8  0.46037E-01
1 2.5 3 0 0  0.21254E+00
1 1 1 -0.8 0.8  0.39284E-01
1 1 0.5 0 0  0.10012E-01
1 1.0 0 0 0  0.14476E-01
1 1 0.5 -0.8 -0.6  0.21916E-01
0.0001 1 0 -1 1  0.77356E-01
1 1 0 -1 1  0.64001E-01
1 1 0.5 -0.8 1  0.11756E-01
1 1 0.5 0.2 0.4  0.52912E-02
1 1 1 0 0.6  0.52008E-01
1 1 0.5 -1 0  0.59733E-02
1 1 1 -0.6 0.6  0.45750E-01
1 1 0.5 -1 -0.2  0.92265E-02
1 1 0.5 -0.6 -0.6  0.23621E-01
1 2.0 -3 0 0  0.29046E+01
1 1.5 0 0 0  0.95649E-01
1 1 0 -0.8 1  0.60733E-01
0.0001 1 0 -0.8 0.8  0.64899E-01
1 1 0.5 -0.6 1  0.10750E-01
1 1 0.5 0 0.4  0.47906E-02
1 1 0.5 -0.8 -0.2  0.10122E-01
1 1 0.5 -0.8 0  0.65388E-02
1 1 1 0 0.4  0.59454E-01
1 1 1 -0.4 0.4  0.54487E-01
1 1 0.5 -0.4 -0.6  0.25435E-01
1 2.0 -2 0 0  0.17561E+01
1 1 0 -0.6 1  0.57561E-01
1 2.0 0 0 0  0.34322E+00
0.0001 1 0 -0.6 0.6  0.53991E-01
1 1 0.5 -0.4 1  0.98813E-02
1 1 0.5 -1 0.4  0.41038E-02
1 1 0.5 -0.6 0  0.72204E-02
1 1 0.5 -0.6 -0.2  0.11139E-01
1 1 1 0 0.2  0.68450E-01
1 1 1 -0.2 0.2  0.65571E-01
1 1 0.5 -0.2 -0.6  0.27352E-01
1 2.5 0 0 0   0.90223E+00
1 2.0 -1 0 0  0.90259E+00
1 1 0 -0.4 1  0.54535E-01
0.0001 1 0 -0.4 0.4  0.44630E-01
1 1 0.5 -0.2 1  0.91467E-02
1 1 0.5 -0.8 0.4  0.40005E-02
1 1 0.5 -0.4 0  0.80365E-02
1 1 0.5 -0.4 -0.2  0.12292E-01
1 1 1 0 0  0.79071E-01
1 1 1 0 0  0.79071E-01
1 1 0.5 1 -0.4  0.31867E-01
1 2.5 0 0 0  0.90264E+00
1 1 0 -0.2 1  0.51637E-01
1 2.0 -0 0 0  0.34333E+00
0.0001 1 0 -0.2 0.2  0.36826E-01
1 1 0.5 1 0.8  0.61010E-02
1 1 0.5 -0.6 0.4  0.40114E-02
1 1 0.5 -0.2 -0.2  0.13561E-01
1 1 0.5 -0.2 0  0.89700E-02
1 1 1 1 -1  0.18126E+00
1 1 1 0 -1  0.15498E+00
1 1 0.5 0.8 -0.4  0.29511E-01
1 1 0 1 -1  0.23320E-01
1 2.0 1 0 0  0.77554E-01
1 1 0 1 0.8  0.28464E-01
2.4 0.5 0 0 0  0.18958E-02
1 1 0.5 0.8 0.8  0.57825E-02
1 1 0.5 -0.4 0.4  0.41502E-02
1 1 0.5 -0.6 -1  0.42261E-01
1 1 1 0.8 -0.8  0.15615E+00
1 1 0.5 0.6 -0.4  0.27319E-01
1 1 1 0 -0.8  0.13676E+00
1 1 0.5 1 -1  0.65554E-01
1 1 0 0.8 -0.8  0.16884E-01
1 2.0 2 0 0  0.10570E+00
1 1 0 0.8 0.8  0.30298E-01
1 1 0.5 0.6 0.8  0.55887E-02
2.4 1.0 0 0 0  0.61435E-02
1 1 0.5 -0.2 0.4  0.44137E-02
1 1 0.5 -0.4 -1  0.44754E-01
1 1 1 0 -0.6  0.12000E+00
1 1 0.5 0.8 -1  0.62205E-01
1 1 0.5 0.4 -0.4  0.25225E-01
1 1 1 0.6 -0.6  0.13340E+00
1 1 0.5 0.4 0.8  0.55131E-02
1 1 0 0.6 -0.6  0.12785E-01
1 2.0 3 0 0  0.42796E+00
1 1 0 0.6 0.8  0.32295E-01
2.4 1.5 0 0 0  0.44964E-01
1 1 0.5 1 0.2  0.12030E-01
1 1 0.5 -0.2 -1  0.47327E-01
1 1 1 0 -0.4  0.10479E+00
1 1 0.5 0.6 -1  0.58967E-01
1 1 0.5 0.2 -0.4  0.23245E-01
1 1 1 0.4 -0.4  0.11289E+00
1 1 0.5 0.2 0.8  0.55671E-02
1 1 0 0.4 -0.4  0.11013E-01
1 1.5 -3 0 0  0.20686E+01
1 1 0 0.4 0.8  0.34362E-01
2.4 2.0 0 0 0  0.19636E+00
1 1 0.5 0.8 0.2  0.10721E-01
1 1 0.5 1 -0.8  0.52816E-01
1 1 1 0 -0.2  0.91240E-01
1 1 0.5 0.4 -1  0.55957E-01
1 1 0.5 0 -0.4  0.21440E-01
1 1 1 0.2 -0.2  0.94920E-01
1 1 0.5 0 0.8  0.57232E-02
1 1 0 0.2 -0.2  0.11583E-01
1 1.5 -2 0 0  0.11176E+01
1 1 0 0.2 0.8  0.36596E-01
2.4 2.5 0 0 0  0.58470E+00
1 1 0.5 0.6 0.2  0.95116E-02
1 1 1.5 0 0.8  0.15977E+00
1 1 1.5 -0.8 0.8  0.14439E+00
1 1 0.5 -1 0.8  0.84010E-02
1 1 0.5 0.8 -0.8  0.49774E-01
1 1 0.5 -1 -0.4  0.14007E-01
1 1 0.5 0.2 -1  0.52914E-01
1 1 0 0 0  0.14468E-01
1 1 0 0 0.8  0.38876E-01
5 2.5 0 0 0  0.26703E+00
1 1.5 -1 0 0  0.45902E+00
1 1 0.5 0.4 0.2  0.84296E-02
1 1 0.5 -0.8 0.8  0.76165E-02
1 1 0.5 -0.8 -0.4  0.15263E-01
1 1 0.5 0.6 -0.8  0.46889E-01
1 1 1.5 -0.6 0.6  0.16029E+00
1 1 0.5 0 -1  0.50092E-01
1 1 1.5 0 0.6  0.17306E+00
1 1.5 -0 0 0  0.95668E-01
1 1 0 -1 1  0.64026E-01
1 1 0.5 0.2 0.2  0.74735E-02
1 1 0 -1 0.8  0.52385E-01
5 0.5 0 0 0  0.15589E-01
1 1 0.5 -0.6 0.8  0.69680E-02
1 1 0.5 -0.6 -0.4  0.16613E-01
1 1 0.5 -1 -1  0.37653E-01
1 1 1.5 -0.4 0.4  0.17839E+00
1 1.5 1 0 0  0.26050E-01
1 1 0.5 0.4 -0.8  0.44146E-01
1 1 1.5 0 0.4  0.18767E+00
1 1 0 -0.8 0.8  0.49423E-01
1 1 0.5 0 0.2  0.66376E-02
1 1 0 -0.8 0.8  0.49423E-01
5 1.0 0 0 0  0.34563E-01
1 1 0.5 -0.4 0.8  0.64316E-02
1 1.5 2 0 0  0.25064E+00
1 1 1.5 -0.2 0.2  0.19897E+00
1 1 0.5 -0.8 -1  0.39915E-01
1 1 0.5 -0.4 -0.4  0.18105E-01
1 1 0.5 -1 0.2  0.42704E-02
1 1 1.5 0 0.2  0.20404E+00
1 1 0.5 0.2 -0.8  0.41509E-01
1 1 0 -0.6 0.8  0.46651E-01
1 1 0 -0.6 0.6  0.37228E-01
5 1.5 0 0 0  0.49494E-01
1 1 0.5 -0.2 0.8  0.60227E-02
1 1.5 3 0 0  0.76861E+00
1 1 0.5 -0.8 0.2  0.45015E-02
1 1 1.5 0 0  0.22155E+00
1 1 1.5 0 0  0.22155E+00
1 1 0.5 0 -0.8  0.38978E-01
1 1 0 -0.4 0.4  0.27284E-01
5 2.0 0 0 0  0.98867E-01
1 1 0 -0.4 0.8  0.43918E-01
1 1 0.5 1 0.6  0.65395E-02
1 1 0.5 -0.6 0.2  0.48492E-02
1 1 0.5 -1 -0.8  0.28226E-01
1 1 1.5 1 -1  0.37062E+00
1 1 1.5 0 -1  0.33349E+00
1 1.0 -3 0 0  0.15851E+01
1 1 0 -0.2 0.2  0.19725E-01
1 1 0 -0.2 0.8  0.41364E-01
5 2.5 0 0 0  0.26714E+00
1 1 0.5 0.8 0.6  0.58812E-02
1 1 0.5 -0.4 0.2  0.53279E-02
1 1 0.5 -0.8 -0.8  0.30131E-01
1 1 1.5 0 -0.8  0.30789E+00
1 1 1.5 0.8 -0.8  0.33594E+00
1 1.0 -2 0 0  0.76722E+00
2.4 1 0 1 -1  0.60195E-01
1 1 0 1 0.6  0.21737E-01
10 2.5 0 0 0  0.65892E+00
1 1 0.5 0.6 0.6  0.53582E-02
1 1 0.5 -0.6 -0.8  0.32185E-01
1 1 1.5 0 -0.6  0.28419E+00
1 1 1.5 0.6 -0.6  0.30406E+00
1 1.0 -1 0 0  0.24395E+00
2.4 1 0 0.8 -0.8  0.41673E-01
1 1 0 0.8 0.6  0.23217E-01
10 0.5 0 0 0  0.81977E-01
1 1 0.5 0.4 0.6  0.49403E-02
1 1 0.5 -0.4 -0.8  0.34338E-01
1 1 1.5 0.4 -0.4  0.27424E+00
1 1.0 -0 0 0  0.14482E-01
1 1 1.5 0 -0.4  0.26180E+00
2.4 1 0 0.6 -0.6  0.27014E-01
1 1 0 0.6 0.6  0.24876E-01
10 1.0 0 0 0  0.24952E+00
1 1 0.5 0.2 0.6  0.46582E-02
1 1 0.5 -0.2 -0.8  0.36561E-01
1 1 1.5 0 -0.2  0.24080E+00
1 1 1.5 0.2 -0.2  0.24662E+00
1 1.0 1 0 0  0.79027E-01
2.4 1 0 0.4 -0.4  0.16198E-01
1 1 0 0.4 0.6  0.26613E-01
10 1.5 0 0 0  0.41856E+00
1 1 0.5 0 0.6  0.44888E-02
1 1 2 -0.8 0.8  0.32318E+00
1 1 2 0 0.8  0.34728E+00
1 1 0.5 1 -0.6  0.41552E-01
1 1.0 2 0 0  0.43776E+00
2.4 1 0 0.2 -0.2  0.92502E-02
1 1 0 0.2 0.6  0.28488E-01
10 2.0 0 0 0  0.55248E+00
1 1 0.5 -1 0.6  0.54791E-02
1 1 2 -0.6 0.6  0.34815E+00
1 1 2 0 0.6  0.36735E+00
1 1.0 3 0 0  0.10900E+01
1 1 0 0 0.6  0.30478E-01
2.4 1 0 0 0  0.61464E-02
10 2.5 0 0 0  0.65920E+00
1 1 0.5 -0.8 0.6  0.50417E-02
1 1 2 -0.4 0.4  0.37590E+00
1 1 2 0 0.4  0.38941E+00
1 1 -0.5 0.8 -0.8  0.57497E-01
2.4 1 0 1 -1  0.60223E-01
1 0.5 -3 0 0  0.13545E+01
1 1 -1.5 0 -0.2  0.44533E+00
-1 1 0 -0.6 0.6  0.74598E-01
1 1 0 -1 0.6  0.42281E-01
15 2.5 0 0 0  0.23699E+01
1 1 2 0 0.2  0.41291E+00
1 1 2 -0.2 0.2  0.40571E+00
1 0.5 -2 0 0  0.60906E+00
1 1 -0.5 0.6 -0.6  0.62755E-01
1 1 -2 0 0.8  0.90687E+00
1 1 0 -0.8 0.6  0.39695E-01
2.4 1 0 0.8 -0.8  0.41684E-01
-1 1 0 -0.4 0.4  0.67139E-01
15 0.5 0 0 0  0.20121E+00
1 1 2 0 0  0.43766E+00
1 1 -2 0 0.6  0.86927E+00
1 1 -0.5 0.4 -0.4  0.70315E-01
1 1 2 0 0  0.43766E+00
1 0.5 -1 0 0  0.15759E+00
1 1 0 -0.6 0.6  0.37179E-01
-1 1 0 -0.2 0.2  0.60610E-01
2.4 1 0 0.6 -0.6  0.27006E-01
15 1.0 0 0 0  0.67532E+00
1 1 2 1 -1  0.63353E+00
1 1 -2 0 0.4  0.83402E+00
1 0.5 -0 0 0  0.42763E-03
1 1 -0.5 0.2 -0.2  0.80180E-01
1 1 2 0 -1  0.58550E+00
1 1 0 -0.4 0.6  0.34840E-01
2.4 1 0 0.4 -0.4  0.16213E-01
-2.4 1 0 1 -1  0.10611E+00
15 1.5 0 0 0  0.12629E+01
1 0.5 1 0 0  0.13724E+00
1 1 2 0.8 -0.8  0.58951E+00
1 1 2 0 -0.8  0.55283E+00
1 1 -2 0 0.2  0.79996E+00
1 1 -1 -0.8 0.8  0.35358E+00
1 1 0 -0.2 0.6  0.32599E-01
2.4 1 0 0.2 -0.2  0.92491E-02
-2.4 1 0 0.8 -0.8  0.10432E+00
15 2.0 0 0 0  0.18498E+01
1 1 2 0.6 -0.6  0.54773E+00
1 1 2 0 -0.6  0.52140E+00
1 0.5 2 0 0  0.56776E+00
1 1 -2 0 0  0.76699E+00
1 1 0 1 0.4  0.16535E-01
1 1 -1 -0.6 0.6  0.32253E+00
2.4 1 0 0 0  0.61430E-02
-2.4 1 0 0.6 -0.6  0.10320E+00
15 2.5 0 0 0     0.23705E+01
1 0.5 3 0 0  0.12926E+01
1 1 -2 0 -1  0.62773E+00
1 1 2 0 -0.4  0.49203E+00
1 1 2 0.4 -0.4  0.50878E+00
1 1 -1 -0.4 0.4  0.29399E+00
1 1 0 0.8 0.4  0.17705E-01
2.4 1 0 -1 1  0.48377E-01
-2.4 1 0 0.4 -0.4  0.10271E+00
-1 2.5 0 0 0  0.15376E+01
1 1 -2 0 -0.8  0.65254E+00
1 1 -0.5 0 -0.8  0.63937E-01
1 1 2 0 -0.2  0.46411E+00
1 1 2 0.2 -0.2  0.47210E+00
1 1 -1 -0.2 0.2  0.26775E+00
1 1 0 0.6 0.4  0.18983E-01
2.4 1 0 -0.8 0.8  0.32230E-01
-2.4 1 0 0.2 -0.2  0.10284E+00
-1 0.5 0 0 0  0.55027E-02
1 1 -0.5 0 -0.6  0.68721E-01
1 1 -2 0 -0.6  0.67865E+00
1 1 2.5 0 0.8  0.60775E+00
1 1 2.5 -0.8 0.8  0.57504E+00
1 1 -1 0 0  0.24375E+00
1 1 0 0.4 0.4  0.20394E-01
2.4 1 0 -0.6 0.6  0.19922E-01
-2.4 1 0 0 0  0.10358E+00
-1 1.0 0 0 0  0.55064E-01
1 1 -2 0 -0.4  0.70640E+00
1 1 -0.5 0 -0.4  0.75069E-01
1 1 -1 1 -1  0.15940E+00
1 1 2.5 0 0.6  0.63507E+00
1 1 2.5 -0.6 0.6  0.60940E+00
1 1 0 0.2 0.4  0.21952E-01
2.4 1 0 -0.4 0.4  0.11492E-01
-2.4 1 0 -1 1  0.11679E+00
-1 1.5 0 0 0  0.23261E+00
1 1 -2 0 -0.2  0.73621E+00
1 1 2.5 0 0.4  0.66460E+00
1 1 -1 0.8 -0.8  0.17169E+00
1 1 -0.5 0 -0.2  0.83015E-01
1 1 2.5 -0.4 0.4  0.64664E+00
1 1 0 0 0.4  0.23608E-01
2.4 1 0 -0.2 0.2  0.68903E-02
-2.4 1 0 -0.8 0.8  0.11291E+00
-1 2.0 0 0 0  0.66797E+00
1 1 -1 0 0.8  0.32561E+00
1 1 -1 0.6 -0.6  0.18609E+00
1 1 -2.5 0 0.8  0.13070E+01
1 1 2.5 0 0.2  0.69491E+00
1 1 2.5 -0.2 0.2  0.68555E+00
1 1 0 -1 0.4  0.33706E-01
5 1 0 1 -1  0.23844E+00
-2.4 1 0 -0.6 0.6  0.10959E+00
-1 2.5 0 0 0   0.15365E+01
1 1 -1 0.4 -0.4  0.20301E+00
1 1 -2.5 0 0.6  0.12626E+01
1 1 2.5 0 0  0.72705E+00
1 1 -1 0 0.6  0.30286E+00
1 1 2.5 0 0  0.72705E+00
1 1 0 -0.8 0.4  0.31443E-01
5 1 0 0.8 -0.8  0.18191E+00
-2.4 1 0 -0.4 0.4  0.10703E+00
-1 2.5 0 0 0  0.15373E+01
1 1 -1 0.2 -0.2  0.22236E+00
1 1 -2.5 0 0.4  0.12204E+01
1 1 2.5 0 -1  0.91076E+00
1 1 -1 0 0.4  0.28178E+00
1 1 2.5 1 -1  0.96942E+00
1 1 0 -0.6 0.4  0.29311E-01
5 1 0 0.6 -0.6  0.13312E+00
-2.4 1 0 -0.2 0.2  0.10487E+00
-2.4 0.5 0 0 0  0.14064E-01
1 1 -1.5 -0.8 0.8  0.61583E+00
1 1 -2.5 0 0.2  0.11790E+01
1 1 2.5 0 -0.8  0.87091E+00
1 1 2.5 0.8 -0.8  0.91609E+00
1 1 -1 0 0.2  0.26202E+00
1 1 0 -0.4 0.4  0.27280E-01
5 1 0 0.4 -0.4  0.92307E-01
-5 1 0 1 -1  0.33415E+00
-2.4 1.0 0 0 0  0.10354E+00
1 1 -2.5 0 0  0.11396E+01
1 1 -1.5 -0.6 0.6  0.57573E+00
1 1 2.5 0 -0.6  0.83322E+00
1 1 -1 0 0  0.24405E+00
1 1 2.5 0.6 -0.6  0.86606E+00
1 1 0 -0.2 0.4  0.25399E-01
5 1 0 0.2 -0.2  0.59494E-01
-5 1 0 0.8 -0.8  0.31257E+00
-2.4 1.5 0 0 0  0.37400E+00
1 1 -1.5 -0.4 0.4  0.53732E+00
1 1 -2.5 0 -1  0.96333E+00
1 1 -1 0 -1  0.17618E+00
1 1 2.5 0 -0.4  0.79560E+00
1 1 2.5 0.4 -0.4  0.81659E+00
1 1 0 1 0.2  0.12864E-01
5 1 0 0 0   0.34522E-01
-5 1 0 0.6 -0.6   0.29175E+00
-2.4 2.0 0 0 0   0.97596E+00
1 1 -2.5 0 -0.8   0.99606E+00
1 1 -1.5 -0.2 0.2   0.50218E+00
1 1 2.5 0 -0.2   0.76107E+00
1 1 -1 0 -0.8   0.18671E+00
1 1 2.5 0.2 -0.2   0.77122E+00
1 1 0 0.8 0.2   0.13712E-01
5 1 0 -1 1   0.28915E-01
-5 1 0 0.4 -0.4   0.27244E+00
-2.4 2.5 0 0 0   0.21072E+01
1 1 -2.5 0 -0.6   0.10288E+01
1 1 -1.5 0 0   0.46855E+00
1 1 -1 0 -0.6   0.19856E+00
1 1 3 0 0.8   0.94237E+00
1 1 3 -0.8 0.8   0.90079E+00
1 1 0 0.6 0.2   0.14675E-01
5 1 0 -0.8 0.8   0.14167E-01
-5 1 0 0.2 -0.2   0.25448E+00
-5 2.5 0 0 0   0.34386E+01
1 1 -2.5 0 -0.4   0.10656E+01
1 1 -1.5 1 -1   0.33772E+00
1 1 -1 0 -0.4   0.21239E+00
1 1 3 -0.6 0.6   0.94565E+00
1 1 3 0 0.6   0.97777E+00
1 1 0 0.4 0.2   0.15748E-01
5 1 0 -0.6 0.6   0.73618E-02
-5 1 0 0 0   0.23762E+00
-5 0.5 0 0 0   0.40978E-01
1 1 -2.5 0 -0.2   0.11006E+01
1 1 -1.5 0.8 -0.8   0.35920E+00
1 1 3 -0.4 0.4   0.99080E+00
1 1 -1 0 -0.2   0.22728E+00
1 1 0 0.2 0.2   0.16945E-01
1 1 3 0 0.4   0.10130E+01
5 1 0 -0.4 0.4   0.84952E-02
-5 1 0 -1 1   0.17148E+00
-5 1.0 0 0 0   0.23757E+00
1 1 -3 0 0.8   0.17812E+01
1 1 3 -0.2 0.2   0.10392E+01
1 1 -1.5 0 0.8   0.57943E+00
1 1 -1.5 0.6 -0.6   0.38324E+00
1 1 3 0 0.2   0.10507E+01
1 1 0 0 0.2   0.18279E-01
5 1 0 -0.2 0.2   0.17540E-01
-5 1 0 -0.8 0.8   0.18223E+00
-5 1.5 0 0 0   0.73458E+00
1 1 -3 0 0.6   0.17294E+01
1 1 3 0 0   0.10898E+01
1 1 -1.5 0.4 -0.4   0.40949E+00
1 1 -1.5 0 0.6   0.54929E+00
1 1 3 0 0   0.10898E+01
1 1 0 -1 0.2   0.26696E-01
-1 1 0 1 -1   0.42470E-01
-5 1 0 -0.6 0.6   0.19422E+00
-5 2.0 0 0 0   0.17226E+01
1 1 -3 0 0.4   0.16803E+01
1 1 3 0 -1   0.13103E+01
1 1 -1.5 0 0.4   0.52114E+00
1 1 3 1 -1   0.13797E+01
1 1 -1.5 0.2 -0.2   0.43805E+00
1 1 0 -0.8 0.2   0.24773E-01
-1 1 0 0.8 -0.8   0.42997E-01
-5 1 0 -0.4 0.4   0.20732E+00
-5 2.5 0 0 0   0.34369E+01
1 1 -3 0 0.2   0.16318E+01
1 1 -1.5 0 0.2   0.49422E+00
1 1 3 0.8 -0.8   0.13172E+01
1 1 3 0 -0.8   0.12632E+01
1 1 -2 -0.8 0.8   0.95182E+00
1 1 0 -0.6 0.2   0.22973E-01
-1 1 0 0.6 -0.6   0.44551E-01
-5 1 0 -0.2 0.2   0.22200E+00
-10 2.5 0 0 0   0.70061E+01
1 1 -3 0 0   0.15845E+01
1 1 -1.5 0 0   0.46877E+00
1 1 3 0.6 -0.6   0.12561E+01
1 1 3 0 -0.6   0.12170E+01
1 1 -2 -0.6 0.6   0.90198E+00
1 1 0 -0.4 0.2   0.21280E-01
-1 1 0 0.4 -0.4   0.47050E-01
-10 0.5 0 0 0   0.13270E+00
1 1 -3 0 -1   0.13736E+01
1 1 -1.5 0 -1   0.36534E+00
1 1 3 0.4 -0.4   0.11991E+01
1 1 3 0 -0.4   0.11737E+01
1 1 -2 -0.4 0.4   0.85491E+00
1 1 0 -0.2 0.2   0.19714E-01
-1 1 0 0.2 -0.2   0.50589E-01
-10 1.0 0 0 0   0.65525E+00
1 1 -3 0 -0.8   0.14122E+01
1 1 -1.5 0 -0.8   0.38285E+00
1 1 3 0.2 -0.2   0.11431E+01
1 1 3 0 -0.2   0.11309E+01
1 1 0 1 0   0.10765E-01
1 1 -2 -0.2 0.2   0.80960E+00
-1 1 0 0 0   0.55102E-01
1 1 -3 0 -0.6   0.14544E+01
-10 1.5 0 0 0   0.17902E+01
1 1 -1.5 0 -0.6   0.40234E+00
1 1 -0.5 0 0   0.92506E-01
1 1 0 0.8 0   0.11274E-01
1 1 -2 0 0   0.76786E+00
1 1 0 0 0   0.14499E-01
-1 1 0 -1 1   0.92561E-01
1 1 -3 0 -0.4   0.14967E+01
-10 2.0 0 0 0   0.38033E+01
1 1 0 0.6 0   0.11888E-01
1 1 -2 1 -1   0.58991E+00
1 1 -3 0 -0.2   0.15394E+01
1 1 -2 0.8 -0.8   0.62038E+00
-10 2.5 0 0 0   0.70019E+01
1 1 0 0.4 0   0.12629E-01
