1 1 0.5 0 0   0.12105E-01
0.0001 1 0 1 -1   0.27316E-01
1 1 0 1 1   0.44153E-01
1 2.5 -3 0 0   0.50527E+01
0.0001 0.5 0 0 0   0.22672E-02
0.0001 1 0 0.8 -0.8   0.25400E-01
1 1 0.5 1 -1   0.78851E-01
1 1 0 0.8 1   0.46832E-01
0.0001 1.0 0 0 0   0.36319E-01
1 2.5 -2 0 0   0.33819E+01
0.0001 1 0 0.6 -0.6   0.25292E-01
1 1 0.5 0.8 -0.8   0.59759E-01
1 2.5 -1 0 0   0.20495E+01
1 1 0 0.6 1   0.49518E-01
0.0001 1.5 0 0 0   0.18365E+00
0.0001 1 0 0.4 -0.4   0.27038E-01
1 1 0.5 0.6 -0.6   0.43625E-01
1 2.5 -0 0 0   0.10726E+01
1 1 0 0.4 1   0.52303E-01
0.0001 2.0 0 0 0   0.57971E+00
0.0001 1 0 0.2 -0.2   0.30746E-01
1 1 0.5 0.4 -0.4   0.30319E-01
1 2.5 1 0 0   0.45061E+00
1 1 0 0.2 1   0.55419E-01
1 2.5 0 0 0   0.10742E+01
0.0001 1 0 0 0   0.36260E-01
1 1 0.5 0.2 -0.2   0.19787E-01
1 1 0 0 1   0.58495E-01
1 0.5 0 0 0   0.51207E-03
1 2.5 2 0 0   0.17908E+00
0.0001 1 0 -1 1   0.92242E-01
1 1 1 -0.8 0.8   0.48072E-01
1 1 0 -1 1   0.76483E-01
1 1.0 0 0 0   0.17289E-01
1 2.5 3 0 0   0.25996E+00
1 1 1 -0.6 0.6   0.55543E-01
0.0001 1 0 -0.8 0.8   0.77271E-01
1 1 0 -0.8 1   0.72591E-01
1 2.0 -3 0 0   0.34696E+01
1 1.5 0 0 0   0.11396E+00
1 1 1 -0.4 0.4   0.65756E-01
0.0001 1 0 -0.6 0.6   0.64120E-01
1 2.0 -2 0 0   0.20936E+01
1 1 0 -0.6 1   0.68763E-01
1 2.0 0 0 0   0.40828E+00
1 1 1 -0.2 0.2   0.78782E-01
0.0001 1 0 -0.4 0.4   0.52875E-01
1 1 0 -0.4 1   0.65114E-01
1 2.0 -1 0 0   0.10737E+01
1 2.5 0 0 0  0.10709E+01
1 1 1 0 0   0.94870E-01
0.0001 1 0 -0.2 0.2   0.43659E-01
1 1 0 -0.2 1   0.61782E-01
1 2.0 -0 0 0   0.40867E+00
1 2.5 0 0 0   0.10729E+01
1 1 1 1 -1   0.21690E+00
1 1 0 1 -1   0.28512E-01
1 1 0 1 0.8   0.34178E-01
1 2.0 1 0 0   0.92717E-01
2.4 0.5 0 0 0   0.22213E-02
1 1 1 0.8 -0.8   0.18704E+00
1 1 0 0.8 -0.8   0.20655E-01
1 1 0 0.8 0.8   0.36335E-01
1 2.0 2 0 0   0.12889E+00
2.4 1.0 0 0 0   0.73286E-02
1 1 0 0.6 -0.6   0.15594E-01
1 1 1 0.6 -0.6   0.15977E+00
1 1 0 0.6 0.8   0.38708E-01
1 2.0 3 0 0   0.51797E+00
2.4 1.5 0 0 0   0.53854E-01
1 1 0 0.4 -0.4   0.13317E-01
1 1 1 0.4 -0.4   0.13526E+00
1 1 0 0.4 0.8   0.41119E-01
1 1.5 -3 0 0   0.24714E+01
2.4 2.0 0 0 0   0.23419E+00
1 1 0 0.2 -0.2   0.13884E-01
1 1 1 0.2 -0.2   0.11375E+00
1 1 0 0.2 0.8   0.43785E-01
1 1.5 -2 0 0   0.13351E+01
2.4 2.5 0 0 0   0.69683E+00
1 1 1.5 -0.8 0.8   0.17456E+00
1 1 0 0 0   0.17278E-01
1 1 0 0 0.8   0.46522E-01
1 1.5 -1 0 0   0.54800E+00
5 2.5 0 0 0   0.31989E+00
1 1 1.5 -0.6 0.6   0.19328E+00
1 1 0 -1 1   0.76511E-01
1 1 0 -1 0.8   0.62500E-01
1 1.5 -0 0 0   0.11385E+00
5 0.5 0 0 0   0.18301E-01
1 1 1.5 -0.4 0.4   0.21426E+00
1 1 0 -0.8 0.8   0.58884E-01
1 1 0 -0.8 0.8   0.58884E-01
1 1.5 1 0 0   0.31727E-01
5 1.0 0 0 0   0.40509E-01
1 1 1.5 -0.2 0.2   0.23889E+00
1 1 0 -0.6 0.6   0.44298E-01
1 1 0 -0.6 0.8   0.55616E-01
1 1.5 2 0 0   0.30175E+00
5 1.5 0 0 0   0.58168E-01
1 1 1.5 0 0   0.26568E+00
1 1 0 -0.4 0.4   0.32494E-01
1 1 0 -0.4 0.8   0.52460E-01
1 1.5 3 0 0   0.92337E+00
5 2.0 0 0 0   0.11769E+00
1 1 1.5 1 -1   0.44349E+00
1 1 0 -0.2 0.2   0.23488E-01
1 1 0 -0.2 0.8   0.49457E-01
1 1.0 -3 0 0   0.18979E+01
5 2.5 0 0 0 0.32001E+00
1 1 1.5 0.8 -0.8   0.40213E+00
2.4 1 0 1 -1   0.71820E-01
1 1 0 1 0.6   0.26022E-01
1 1.0 -2 0 0   0.91846E+00
10 2.5 0 0 0   0.77213E+00
1 1 1.5 0.6 -0.6   0.36402E+00
2.4 1 0 0.8 -0.8   0.49752E-01
1 1 0 0.8 0.6   0.27795E-01
1 1.0 -1 0 0   0.29173E+00
10 0.5 0 0 0   0.96326E-01
1 1 1.5 0.4 -0.4   0.32818E+00
2.4 1 0 0.6 -0.6   0.32221E-01
1 1 0 0.6 0.6   0.29746E-01
1 1.0 -0 0 0   0.17265E-01
10 1.0 0 0 0   0.29280E+00
1 1 1.5 0.2 -0.2   0.29542E+00
2.4 1 0 0.4 -0.4   0.19292E-01
1 1 0 0.4 0.6   0.31824E-01
1 1.0 1 0 0   0.94853E-01
10 1.5 0 0 0   0.49066E+00
1 1 2 -0.8 0.8   0.38901E+00
2.4 1 0 0.2 -0.2   0.11023E-01
1 1 0 0.2 0.6   0.34006E-01
1 1.0 2 0 0   0.52390E+00
10 2.0 0 0 0   0.64733E+00
1 1 2 -0.6 0.6   0.41925E+00
2.4 1 0 0 0   0.73438E-02
1 1 0 0 0.6   0.36421E-01
1 1.0 3 0 0   0.13078E+01
10 2.5 0 0 0  0.77315E+00
1 1 2 -0.4 0.4   0.45191E+00
2.4 1 0 -1 1   0.58117E-01
1 1 0 -1 0.6   0.50377E-01
1 0.5 -3 0 0   0.16242E+01
15 2.5 0 0 0   0.27822E+01
1 1 2 -0.2 0.2   0.48655E+00
2.4 1 0 -0.8 0.8   0.38681E-01
1 1 0 -0.8 0.6   0.47253E-01
1 0.5 -2 0 0   0.72941E+00
15 0.5 0 0 0   0.23667E+00
1 1 2 0 0   0.52471E+00
2.4 1 0 -0.6 0.6   0.23906E-01
1 0.5 -1 0 0   0.18884E+00
1 1 0 -0.6 0.6   0.44310E-01
1 1 2 1 -1   0.75747E+00
15 1.0 0 0 0   0.79352E+00
2.4 1 0 -0.4 0.4   0.13786E-01
1 0.5 -0 0 0   0.51154E-03
1 1 0 -0.4 0.6   0.41561E-01
1 1 2 0.8 -0.8   0.70484E+00
15 1.5 0 0 0   0.14814E+01
2.4 1 0 -0.2 0.2   0.82425E-02
1 0.5 1 0 0   0.16410E+00
1 1 0 -0.2 0.6   0.38849E-01
1 1 2 0.6 -0.6   0.65700E+00
5 1 0 1 -1   0.28148E+00
15 2.0 0 0 0   0.21706E+01
1 0.5 2 0 0   0.68101E+00
1 1 0 1 0.4   0.19797E-01
1 1 2 0.4 -0.4   0.60949E+00
5 1 0 0.8 -0.8   0.21460E+00
15 2.5 0 0 0   0.27782E+01
1 1 0 0.8 0.4   0.21185E-01
1 1 2 0.2 -0.2   0.56624E+00
1 1 0 0.6 0.4   0.22709E-01
5 1 0 0.6 -0.6   0.15696E+00
-1 2.5 0 0 0   0.18237E+01
1 1 2.5 -0.8 0.8   0.69163E+00
1 1 0 0.4 0.4   0.24349E-01
5 1 0 0.4 -0.4   0.10860E+00
-1 0.5 0 0 0   0.65176E-02
1 1 2.5 -0.6 0.6   0.73240E+00
1 1 0 0.2 0.4   0.26166E-01
-1 1.0 0 0 0   0.65164E-01
5 1 0 0.2 -0.2   0.69951E-01
1 1 2.5 -0.4 0.4   0.77607E+00
1 1 0 0 0.4   0.28147E-01
-1 1.5 0 0 0   0.27587E+00
5 1 0 0 0   0.40518E-01
1 1 2.5 -0.2 0.2   0.82265E+00
1 1 0 -1 0.4   0.40073E-01
-1 2.0 0 0 0   0.79230E+00
5 1 0 -1 1   0.35111E-01
1 1 2.5 0 0   0.87225E+00
5 1 0 -0.8 0.8   0.17320E-01
1 1 0 -0.8 0.4   0.37473E-01
-1 2.5 0 0 0 0.18238E+01
1 1 2.5 1 -1   0.11606E+01
5 1 0 -0.6 0.6   0.89889E-02
1 1 0 -0.6 0.4   0.34894E-01
-1 2.5 0 0 0   0.18269E+01
1 1 2.5 0.8 -0.8   0.10953E+01
5 1 0 -0.4 0.4   0.10055E-01
1 1 0 -0.4 0.4   0.32496E-01
-2.4 0.5 0 0 0   0.16603E-01
1 1 2.5 0.6 -0.6   0.10361E+01
5 1 0 -0.2 0.2   0.20530E-01
1 1 0 -0.2 0.4   0.30253E-01
-2.4 1.0 0 0 0   0.12232E+00
1 1 2.5 0.4 -0.4   0.97714E+00
-1 1 0 1 -1   0.50966E-01
1 1 0 1 0.2   0.15375E-01
-2.4 1.5 0 0 0   0.44225E+00
1 1 2.5 0.2 -0.2   0.92453E+00
1 1 0 0.8 0.2   0.16397E-01
-1 1 0 0.8 -0.8   0.51391E-01
-2.4 2.0 0 0 0   0.11542E+01
1 1 3 -0.8 0.8   0.10833E+01
-1 1 0 0.6 -0.6   0.53009E-01
1 1 0 0.6 0.2   0.17530E-01
-2.4 2.5 0 0 0   0.24954E+01
1 1 3 -0.6 0.6   0.11332E+01
-1 1 0 0.4 -0.4   0.55834E-01
1 1 0 0.4 0.2   0.18779E-01
-5 2.5 0 0 0   0.40648E+01
1 1 3 -0.4 0.4   0.11882E+01
-1 1 0 0.2 -0.2   0.59901E-01
1 1 0 0.2 0.2   0.20206E-01
-5 0.5 0 0 0   0.48274E-01
1 1 3 -0.2 0.2   0.12446E+01
1 1 0 0 0.2   0.21751E-01
-1 1 0 0 0   0.65207E-01
-5 1.0 0 0 0   0.28002E+00
1 1 3 0 0   0.13041E+01
1 1 0 -1 0.2   0.31683E-01
-1 1 0 -1 1   0.11003E+00
-5 1.5 0 0 0   0.86617E+00
1 1 3 1 -1   0.16510E+01
1 1 0 -0.8 0.2   0.29448E-01
-1 1 0 -0.8 0.8   0.98673E-01
-5 2.0 0 0 0   0.20364E+01
1 1 3 0.8 -0.8   0.15751E+01
1 1 0 -0.6 0.2   0.27315E-01
-1 1 0 -0.6 0.6   0.88344E-01
-5 2.5 0 0 0  0.40665E+01
1 1 3 0.6 -0.6   0.15035E+01
-1 1 0 -0.4 0.4   0.79544E-01
1 1 0 -0.4 0.2   0.25312E-01
-10 2.5 0 0 0   0.82569E+01
1 1 3 0.4 -0.4   0.14366E+01
1 1 0 -0.2 0.2   0.23506E-01
-1 1 0 -0.2 0.2   0.71910E-01
-10 0.5 0 0 0   0.15626E+00
1 1 3 0.2 -0.2   0.13682E+01
1 1 0 1 0   0.12878E-01
-2.4 1 0 1 -1   0.12591E+00
-10 1.0 0 0 0   0.77301E+00
1 1 -0.5 0 0   0.11051E+00
1 1 0 0.8 0   0.13487E-01
-2.4 1 0 0.8 -0.8   0.12357E+00
1 1 -0.5 1 -1   0.66378E-01
-10 1.5 0 0 0   0.21107E+01
1 1 0 0.6 0   0.14217E-01
-2.4 1 0 0.6 -0.6   0.12200E+00
1 1 -0.5 0.8 -0.8   0.69540E-01
-10 2.0 0 0 0   0.44826E+01
1 1 0 0.4 0   0.15086E-01
1 1 -0.5 0.6 -0.6   0.75628E-01
-2.4 1 0 0.4 -0.4   0.12147E+00
-10 2.5 0 0 0   0.82606E+01
1 1 0 0.2 0   0.16113E-01
1 1 -0.5 0.4 -0.4   0.84484E-01
-2.4 1 0 0.2 -0.2   0.12148E+00
-15 2.5 0 0 0   0.14025E+02
1 1 0 0 0   0.17289E-01
1 1 -0.5 0.2 -0.2   0.95892E-01
-2.4 1 0 0 0   0.12253E+00
-15 0.5 0 0 0   0.32643E+00
1 1 0 -1 0   0.25215E-01
1 1 -1 -0.8 0.8   0.42147E+00
-2.4 1 0 -1 1   0.13868E+00
-15 1.0 0 0 0   0.15151E+01
1 1 0 -0.8 0   0.23337E-01
1 1 -1 -0.6 0.6   0.38533E+00
-2.4 1 0 -0.8 0.8   0.13385E+00
-15 1.5 0 0 0   0.39047E+01
1 1 0 -0.6 0   0.21638E-01
1 1 -1 -0.4 0.4   0.35158E+00
-2.4 1 0 -0.6 0.6   0.12988E+00
-15 2.0 0 0 0   0.79214E+01
1 1 0 -0.4 0   0.20060E-01
1 1 -1 -0.2 0.2   0.32011E+00
-2.4 1 0 -0.4 0.4   0.12666E+00
1 1 0 -0.2 0   0.18559E-01
1 1 -1 0 0   0.29189E+00
-2.4 1 0 -0.2 0.2   0.12427E+00
1 1 0 1 -1   0.28551E-01
1 1 -1 1 -1   0.19208E+00
-5 1 0 1 -1   0.39377E+00
1 1 0 0.8 -1   0.27102E-01
1 1 -1 0.8 -0.8   0.20663E+00
-5 1 0 0.8 -0.8   0.36787E+00
1 1 0 0.6 -1   0.25916E-01
1 1 -1 0.6 -0.6   0.22344E+00
-5 1 0 0.6 -0.6   0.34398E+00
1 1 0 0.4 -1   0.24791E-01
1 1 -1 0.4 -0.4   0.24386E+00
-5 1 0 0.4 -0.4   0.32161E+00
1 1 0 0.2 -1   0.23858E-01
1 1 -1 0.2 -0.2   0.26627E+00
-5 1 0 0.2 -0.2   0.30020E+00
1 1 0 0 -1   0.23024E-01
1 1 -1.5 -0.8 0.8   0.73628E+00
-5 1 0 0 0   0.28031E+00
1 1 0 -1 -1   0.20983E-01
1 1 -1.5 -0.6 0.6   0.68718E+00
-5 1 0 -1 1   0.20357E+00
1 1 0 -0.8 -1   0.21110E-01
1 1 -1.5 -0.4 0.4   0.64301E+00
1 1 0 -0.6 -1   0.21369E-01
-5 1 0 -0.8 0.8   0.21567E+00
1 1 -1.5 -0.2 0.2   0.60077E+00
1 1 0 -0.4 -1   0.21751E-01
-5 1 0 -0.6 0.6   0.22977E+00
1 1 -1.5 0 0   0.56085E+00
1 1 0 -0.2 -1   0.22288E-01
-5 1 0 -0.4 0.4   0.24509E+00
1 1 -1.5 1 -1   0.40603E+00
1 1 0 1 -0.8   0.21656E-01
1 1 -1.5 0.8 -0.8   0.43088E+00
1 1 0 0.8 -0.8   0.20634E-01
1 1 -1.5 0.6 -0.6   0.45903E+00
1 1 0 0.6 -0.8   0.19806E-01
1 1 -1.5 0.4 -0.4   0.49055E+00
1 1 0 0.4 -0.8   0.19067E-01
1 1 -1.5 0.2 -0.2   0.52425E+00
1 1 0 0.2 -0.8   0.18526E-01
1 1 -2 -0.8 0.8   0.11360E+01
1 1 0 0 -0.8   0.18073E-01
1 1 -2 -0.6 0.6   0.10793E+01
1 1 0 -1 -0.8   0.18073E-01
1 1 -2 -0.4 0.4   0.10209E+01
1 1 0 -0.8 -0.8   0.17785E-01
1 1 -2 -0.2 0.2   0.97005E+00
1 1 0 -0.6 -0.8   0.17664E-01
1 1 -2 0 0   0.91858E+00
1 1 0 -0.4 -0.8   0.17669E-01
1 1 -2 1 -1   0.70691E+00
1 1 0 -0.2 -0.8   0.17765E-01
1 1 -2 0.8 -0.8   0.74430E+00
1 1 0 1 -0.6   0.16606E-01
1 1 -2 0.6 -0.6   0.78247E+00
1 1 0 0.8 -0.6   0.16013E-01
1 1 -2 0.4 -0.4   0.82525E+00
1 1 0 0.6 -0.6   0.15579E-01
1 1 -2 0.2 -0.2   0.87147E+00
1 1 0 0.4 -0.6   0.15272E-01
1 1 -2.5 -0.8 0.8   0.16266E+01
1 1 0 0.2 -0.6   0.15098E-01
1 1 -2.5 -0.6 0.6   0.15574E+01
1 1 0 0 -0.6   0.15072E-01
1 1 -2.5 -0.4 0.4   0.14893E+01
1 1 0 -1 -0.6   0.17053E-01
1 1 0 -0.8 -0.6   0.16384E-01
1 1 -2.5 -0.2 0.2   0.14260E+01
1 1 0 -0.6 -0.6   0.15839E-01
1 1 -2.5 0 0   0.13636E+01
1 1 0 -0.4 -0.6   0.15422E-01
1 1 -2.5 1 -1   0.10984E+01
1 1 0 -0.2 -0.6   0.15164E-01
1 1 -2.5 0.8 -0.8   0.11444E+01
1 1 0 1 -0.4   0.13494E-01
1 1 -2.5 0.6 -0.6   0.11938E+01
1 1 0 0.8 -0.4   0.13314E-01
1 1 -2.5 0.4 -0.4   0.12495E+01
1 1 0 0.6 -0.4   0.13230E-01
1 1 -2.5 0.2 -0.2   0.13031E+01
1 1 0 0.4 -0.4   0.13324E-01
1 1 -3 -0.8 0.8   0.22055E+01
1 1 0 0.2 -0.4   0.13552E-01
1 1 -3 -0.6 0.6   0.21236E+01
1 1 0 0 -0.4   0.13934E-01
1 1 -3 -0.4 0.4   0.20471E+01
1 1 0 -1 -0.4   0.17906E-01
1 1 -3 -0.2 0.2   0.19722E+01
1 1 0 -0.8 -0.4   0.16793E-01
1 1 -3 0 0   0.18935E+01
1 1 0 -0.6 -0.4   0.15867E-01
1 1 -3 1 -1   0.15747E+01
1 1 0 -0.4 -0.4   0.15082E-01
1 1 -3 0.8 -0.8   0.16341E+01
1 1 0 -0.2 -0.4   0.14433E-01
1 1 -3 0.6 -0.6   0.16978E+01
1 1 0 1 -0.2   0.12255E-01
1 1 -3 0.4 -0.4   0.17579E+01
1 1 0 0.8 -0.2   0.12465E-01
1 1 -3 0.2 -0.2   0.18286E+01
1 1 0 0.6 -0.2   0.12795E-01
1 1 -3 -1 1   0.22870E+01
1 1 0 0.4 -0.2   0.13264E-01
1 1 -2.5 -1 1   0.16991E+01
1 1 0 0.2 -0.2   0.13887E-01
1 1 -0.5 -1 1   0.22488E+00
1 1 0 0 -0.2   0.14659E-01
1 1 -0.5 -0.8 0.8   0.19643E+00
1 1 0 -1 -0.2   0.20634E-01
1 1 -0.5 -0.6 0.6   0.17073E+00
1 1 0 -0.8 -0.2   0.19112E-01
1 1 -0.5 -0.4 0.4   0.14764E+00
1 1 0 -0.6 -0.2   0.17806E-01
1 1 -0.5 -0.2 0.2   0.12773E+00
1 1 0 -0.4 -0.2   0.16601E-01
1 1 0.5 -0.8 0.8   0.94977E-02
1 1 0 -0.2 -0.2   0.15554E-01
1 1 0.5 -0.6 0.6   0.59230E-02
1 1 0 -1.0 -0.2   0.20600E-01
1 1 0.5 -0.4 0.4   0.51621E-02
1 1 0 -0.8 -0.2  0.19128E-01
1 1 0.5 -0.2 0.2   0.72159E-02
1 1 0 -0.6 -0.2   0.17817E-01
1 1 1.0 -1 1   0.43368E-01
1 1 0 -0.4 -0.2   0.16589E-01
1 1 1.5 -1 1   0.15850E+00
1 1 0 0.0 -0.2   0.14669E-01
1 1 2.0 -1 1   0.36229E+00
1 1 0 1.0 -0.2   0.12247E-01
1 1 2.5 -1 1   0.65366E+00
1 1 0 0.8 -0.2  0.12446E-01
1 1 0 0.6 -0.2  0.12774E-01
1 1 0 0.4 -0.2  0.13252E-01
1 1 0 0.2 -0.2 0.13901E-01
1 1 0 0.0 -0.2   0.14653E-01
1 1 0 -0.8 -0.2   0.19154E-01
1 1 0 -0.6 -0.2   0.17791E-01
1 1 0 -0.2 -0.2   0.15581E-01
1 1 1.5 0 0.8   0.19263E+00
1 1 2.5 0 -1   0.10897E+01
1 1 -1 0 0   0.29143E+00
1 1 -2 0 -0.2   0.88071E+00
1 1 1.5 0 0.6   0.20844E+00
1 1 -1 0 -1   0.21247E+00
1 1 2.5 0 -0.8   0.10438E+01
1 1 -2.5 0 0.8   0.15653E+01
1 1 1.5 0 0.4   0.22546E+00
1 1 -1 0 -0.8   0.22435E+00
1 1 2.5 0 -0.6   0.99692E+00
1 1 -2.5 0 0.6   0.15105E+01
1 1 1.5 0 0.2   0.24439E+00
1 1 -1 0 -0.6   0.23809E+00
1 1 2.5 0 -0.4   0.95211E+00
1 1 -2.5 0 0.4   0.14580E+01
1 1 -1 0 -0.4   0.25439E+00
1 1 1.5 0 0   0.26598E+00
1 1 2.5 0 -0.2   0.91213E+00
1 1 -2.5 0 0.2   0.14114E+01
1 1 -1 0 -0.2   0.27180E+00
1 1 1.5 0 -1   0.39916E+00
1 1 3 0 0.8   0.11305E+01
1 1 -2.5 0 0   0.13622E+01
1 1 -1.5 0 0.8   0.69285E+00
1 1 1.5 0 -0.8   0.36921E+00
1 1 3 0 0.6   0.11728E+01
1 1 -2.5 0 -1   0.11566E+01
1 1 -1.5 0 0.6   0.65691E+00
1 1 3 0 0.4   0.12153E+01
1 1 1.5 0 -0.6   0.34048E+00
1 1 -2.5 0 -0.8   0.11937E+01
1 1 -1.5 0 0.4   0.62201E+00
1 1 1.5 0 -0.4   0.31323E+00
1 1 -2.5 0 -0.6   0.12315E+01
1 1 3 0 0.2   0.12580E+01
1 1 -1.5 0 0.2   0.58940E+00
1 1 -2.5 0 -0.4   0.12714E+01
1 1 1.5 0 -0.2   0.28801E+00
1 1 3 0 0   0.13030E+01
1 1 -1.5 0 0   0.56049E+00
1 1 2 0 0.8   0.41726E+00
1 1 -2.5 0 -0.2   0.13172E+01
1 1 3 0 -1   0.15666E+01
1 1 -1.5 0 -1   0.43851E+00
1 1 2 0 0.6   0.44134E+00
1 1 -3 0 0.8   0.21295E+01
1 1 3 0 -0.8   0.15112E+01
1 1 -1.5 0 -0.8   0.45908E+00
1 1 2 0 0.4   0.46736E+00
1 1 -3 0 0.6   0.20692E+01
1 1 3 0 -0.6   0.14578E+01
1 1 -1.5 0 -0.6   0.48238E+00
1 1 2 0 0.2   0.49546E+00
1 1 -3 0 0.4   0.20117E+01
1 1 3 0 -0.4   0.14065E+01
1 1 -1.5 0 -0.4   0.50601E+00
1 1 2 0 0   0.52436E+00
1 1 3 0 -0.2   0.13542E+01
1 1 -3 0 0.2   0.19511E+01
1 1 -1.5 0 -0.2   0.53290E+00
1 1 2 0 -1   0.70114E+00
1 1 -3 0 0   0.18974E+01
1 1 0 0 0   0.17269E-01
1 1 -2 0 0.8   0.10836E+01
1 1 2 0 -0.8   0.66157E+00
1 1 0.5 0 -1   0.60438E-01
1 1 -3 0 -1   0.16459E+01
1 1 -2 0 0.6   0.10397E+01
1 1 2 0 -0.6   0.62531E+00
1 1 -0.5 0 -0.8   0.77070E-01
1 1 -3 0 -0.8   0.16934E+01
1 1 -2 0 0.4   0.99580E+00
1 1 2 0 -0.4   0.58869E+00
1 1 -0.5 0 -0.6   0.82657E-01
1 1 -3 0 -0.6   0.17386E+01
1 1 -2 0 0.2   0.95652E+00
1 1 -0.5 0 -0.4   0.89900E-01
1 1 2 0 -0.2   0.55639E+00
1 1 -3 0 -0.4   0.17907E+01
1 1 -2 0 0   0.91806E+00
1 1 2.5 0 0.8   0.73023E+00
1 1 -0.5 0 -0.2   0.99228E-01
1 1 -3 0 -0.2   0.18427E+01
1 1 -2 0 -1   0.75381E+00
1 1 2.5 0 0.6   0.76335E+00
1 1 -3 0 1   0.21951E+01
1 1 -1 0 0.8   0.38939E+00
1 1 -2 0 -0.8   0.78283E+00
1 1 2.5 0 0.4   0.79749E+00
1 1 -2.5 0 1   0.16183E+01
1 1 -1 0 0.6   0.36206E+00
1 1 -2 0 -0.6   0.81385E+00
1 1 2.5 0 0.2   0.83380E+00
1 1 -1 0 0.4   0.33671E+00
1 1 -0.5 0 1   0.19438E+00
1 1 2.5 0 0   0.87136E+00
1 1 -0.5 0 0.8   0.17388E+00
1 1 -0.5 0 0.6   0.15517E+00
1 1 -0.5 0 0.4   0.13825E+00
1 1 -0.5 0 0.2   0.12362E+00
1 1 0.5 0 0.8   0.72722E-02
1 1 0.5 0 0.6   0.56434E-02
1 1 0.5 0 0.4   0.59208E-02
1 1 0.5 0 0.2   0.80677E-02
1 1 1.0 0 1   0.50897E-01
