0.0001 1 0 1 -1   0.54007E-02
1 1 0.5 0 0   0.26633E-02
1 1 0.5 -0.6 0.6   0.95525E-03
1 1 0 1 1   0.10163E-01
1 1 0.5 1 1   0.13436E-02
1 2.5 -3 0 0   0.12272E+01
1 1 0.5 0 0   0.26633E-02
1 1 0.5 -0.2 0.2   0.14566E-02
0.0001 0.5 0 0 0   0.57108E-03
1 1 0.5 0.8 -0.6   0.10895E-01
1 1 0.5 -0.2 -0.4   0.52862E-02
1 1 0.5 0.8 1   0.13330E-02
1 1 0.5 -0.4 0.6   0.89604E-03
0.0001 1 0 0.8 -0.8   0.53613E-02
1 1 0.5 1 -1   0.18256E-01
1 2.5 -2 0 0   0.82439E+00
1 1 0 0.8 1   0.10835E-01
1 1 0.5 0 -1   0.13504E-01
0.0001 1.0 0 0 0   0.91352E-02
1 1 0.5 0.6 -0.6   0.10107E-01
1 1 0.5 1 -0.2   0.67643E-02
1 1 0.5 1 0   0.48762E-02
1 1 0.5 0.6 1   0.13621E-02
1 1 0.5 -0.2 0.6   0.87387E-03
0.0001 1 0 0.6 -0.6   0.57125E-02
1 1 0.5 0.8 -0.8   0.13865E-01
1 1 0.5 0 -0.8   0.10542E-01
1 2.5 -1 0 0   0.50376E+00
1 1 0 0.6 1   0.11528E-01
1 1 0.5 0.8 0   0.43535E-02
1 1 0.5 0.4 -0.6   0.93592E-02
1 1 0.5 0.8 -0.2   0.61394E-02
0.0001 1.5 0 0 0   0.46242E-01
1 1 0.5 0.4 1   0.14293E-02
1 1 0.5 1 0.4   0.22796E-02
1 1 0.5 0 -0.6   0.79813E-02
1 1 0.5 0.6 0   0.38734E-02
1 1 0.5 0.6 -0.6   0.10111E-01
0.0001 1 0 0.4 -0.4   0.64620E-02
1 1 0 0.4 1   0.12277E-01
1 1 0.5 0.2 -0.6   0.86500E-02
1 2.5 -0 0 0   0.26681E+00
1 1 0.5 0.6 -0.2   0.55598E-02
0.0001 2.0 0 0 0   0.14618E+00
1 1 0.5 0.2 1   0.15374E-02
1 1 0.5 0.8 0.4   0.19644E-02
1 1 0.5 0 -0.6   0.79793E-02
1 1 0.5 0.4 -0.4   0.69913E-02
0.0001 1 0 0.2 -0.2   0.76021E-02
1 1 0.5 0.4 -0.2   0.50154E-02
1 1 0.5 0 -0.4   0.58133E-02
1 1 0.5 0.4 0   0.34327E-02
1 2.5 0 0 0   0.26674E+00
1 1 0 0.2 1   0.13059E-01
1 2.5 1 0 0   0.11218E+00
1 1 0.5 0 1   0.16834E-02
1 1 0.5 0.6 0.4   0.16868E-02
1 1 0.5 0.2 -0.2   0.45088E-02
1 1 0.5 0 -0.2   0.40433E-02
1 1 0.5 -1 -0.6   0.52188E-02
1 1 0.5 0.2 0   0.30271E-02
1 1 0 0 1   0.13868E-01
1 2.5 2 0 0   0.40343E-01
1 1 0.5 0.2 -0.2   0.45088E-02
1 0.5 0 0 0   0.12015E-03
0.0001 1 0 0 0   0.91365E-02
1 1 0.5 -1 1   0.30008E-02
1 1 0.5 0.4 0.4   0.14472E-02
1 1 1 -0.8 0.8   0.96029E-02
1 2.5 3 0 0   0.51331E-01
1 1 0.5 -0.8 -0.6   0.56904E-02
1 1 1 0 0.8   0.11728E-01
1 1 0.5 0 0   0.26627E-02
1 1.0 0 0 0   0.41760E-02
0.0001 1 0 -1 1   0.22715E-01
1 1 0 -1 1   0.18556E-01
1 1 0.5 0 -0.2   0.40408E-02
1 1 0.5 -0.8 1   0.26600E-02
1 1 0.5 0.2 0.4   0.12482E-02
1 1 1 -0.6 0.6   0.11712E-01
1 2.0 -3 0 0   0.83478E+00
1 1 0.5 -0.6 -0.6   0.62074E-02
1 1 1 0 0.6   0.13675E-01
1 1 0.5 -1 0   0.14334E-02
1 1.5 0 0 0   0.27996E-01
1 1 0.5 -1 -0.2   0.23005E-02
1 1 0 -0.8 1   0.17551E-01
0.0001 1 0 -0.8 0.8   0.19219E-01
1 1 0.5 -0.6 1   0.23560E-02
1 1 0.5 0 0.4   0.10884E-02
1 1 1 -0.4 0.4   0.14452E-01
1 2.0 -2 0 0   0.50726E+00
1 1 0.5 -0.4 -0.6   0.67557E-02
1 1 0.5 -0.8 0   0.16004E-02
1 1 0.5 -0.8 -0.2   0.25702E-02
1 1 1 0 0.4   0.15996E-01
1 2.0 0 0 0   0.10106E+00
1 1 0 -0.6 1   0.16564E-01
0.0001 1 0 -0.6 0.6   0.16098E-01
1 1 0.5 -0.4 1   0.20933E-02
1 1 0.5 -1 0.4   0.87797E-03
1 1 1 -0.2 0.2   0.17825E-01
1 1 0.5 -0.6 0   0.18061E-02
1 2.0 -1 0 0   0.26280E+00
1 1 0.5 -0.2 -0.6   0.73445E-02
1 1 0.5 -0.6 -0.2   0.28779E-02
1 1 1 0 0.2   0.18722E-01
1 2.5 0 0 0    0.26668E+00
0.0001 1 0 -0.4 0.4   0.13386E-01
1 1 0 -0.4 1   0.15629E-01
1 1 0.5 -0.2 1   0.18690E-02
1 1 0.5 -0.8 0.4   0.84232E-03
1 1 1 0 0   0.21844E-01
1 1 0.5 -0.4 0   0.20532E-02
1 2.0 -0 0 0   0.10103E+00
1 1 0.5 -0.4 -0.2   0.32272E-02
1 1 0.5 1 -0.4   0.90482E-02
1 1 1 0 0   0.21844E-01
1 1 0 -0.2 1   0.14726E-01
1 2.5 0 0 0   0.26657E+00
0.0001 1 0 -0.2 0.2   0.11059E-01
1 1 0.5 1 0.8   0.12627E-02
1 1 0.5 -0.6 0.4   0.84492E-03
1 1 1 1 -1   0.51519E-01
1 1 0.5 -0.2 0   0.23386E-02
1 1 0.5 -0.2 -0.2   0.36160E-02
1 2.0 1 0 0   0.22140E-01
1 1 0.5 0.8 -0.4   0.83220E-02
1 1 1 0 -1   0.43370E-01
1 1 0 1 0.8   0.79436E-02
1 1 0 1 -1   0.57240E-02
2.4 0.5 0 0 0   0.62627E-03
1 1 0.5 0.8 0.8   0.11492E-02
1 1 0.5 -0.4 0.4   0.88688E-03
1 1 1 0.8 -0.8   0.44294E-01
1 1 0.5 1 -1   0.18257E-01
1 1 0.5 -0.6 -1   0.11109E-01
1 2.0 2 0 0   0.26013E-01
1 1 0.5 0.6 -0.4   0.76361E-02
1 1 1 0 -0.8   0.38269E-01
1 1 0 0.8 -0.8   0.41407E-02
1 1 0 0.8 0.8   0.85086E-02
2.4 1.0 0 0 0   0.17795E-02
1 1 0.5 -0.2 0.4   0.96801E-03
1 1 0.5 0.6 0.8   0.10766E-02
1 1 1 0.6 -0.6   0.37721E-01
1 2.0 3 0 0   0.11269E+00
1 1 0.5 -0.4 -1   0.11865E-01
1 1 0.5 0.8 -1   0.17241E-01
1 1 0 0.6 -0.6   0.31912E-02
1 1 1 0 -0.6   0.33575E-01
1 1 0 0.6 0.8   0.91006E-02
1 1 0.5 0.4 -0.4   0.69934E-02
2.4 1.5 0 0 0   0.12653E-01
1 1 0.5 1 0.2   0.33801E-02
1 1 0.5 0.4 0.8   0.10413E-02
1 1 1 0.4 -0.4   0.31790E-01
1 1 0.5 -0.2 -1   0.12661E-01
1 1.5 -3 0 0   0.58910E+00
1 1 0.5 0.6 -1   0.16232E-01
1 1 0 0.4 -0.4   0.28837E-02
1 1 1 0 -0.4   0.29277E-01
1 1 0 0.4 0.8   0.97457E-02
2.4 2.0 0 0 0   0.56127E-01
1 1 0.5 0.2 -0.4   0.63807E-02
1 1 0.5 0.2 0.8   0.10464E-02
1 1 0.5 0.8 0.2   0.29632E-02
1 1 1 0.2 -0.2   0.26512E-01
1 1 0.5 1 -0.8   0.14795E-01
1 1 0.5 0.4 -1   0.15284E-01
1 1.5 -2 0 0   0.31948E+00
1 1 0 0.2 -0.2   0.32115E-02
1 1 0 0.2 0.8   0.10427E-01
1 1 0.5 0 -0.4   0.58150E-02
2.4 2.5 0 0 0   0.16894E+00
1 1 1 0 -0.2   0.25371E-01
1 1 0.5 0 0.8   0.10908E-02
1 1 0.5 0.6 0.2   0.25811E-02
1 1 1.5 -0.8 0.8   0.38241E-01
1 1 0.5 0.8 -0.8   0.13852E-01
1 1 0 0 0   0.41746E-02
1 1 0.5 0.2 -1   0.14362E-01
1 1.5 -1 0 0   0.13224E+00
1 1 0.5 -1 -0.4   0.35631E-02
1 1 1.5 0 0.8   0.43076E-01
1 1 0 0 0.8   0.11139E-01
5 2.5 0 0 0   0.75083E-01
1 1 0.5 -1 0.8   0.18999E-02
1 1 0.5 0.4 0.2   0.22426E-02
1 1 1.5 -0.6 0.6   0.43164E-01
1 1 0.5 0.6 -0.8   0.12979E-01
1 1 0 -1 1   0.18570E-01
1 1 0.5 0 -1   0.13500E-01
1 1.5 -0 0 0   0.27995E-01
1 1 0.5 -0.8 -0.4   0.39369E-02
1 1 1.5 0 0.6   0.47173E-01
1 1 0 -1 0.8   0.15331E-01
5 0.5 0 0 0   0.50843E-02
1 1 0.5 -0.8 0.8   0.16598E-02
1 1 0.5 0.2 0.2   0.19407E-02
1 1 1.5 -0.4 0.4   0.48718E-01
1 1.5 1 0 0   0.64651E-02
1 1 0.5 0.4 -0.8   0.12124E-01
1 1 0 -0.8 0.8   0.14411E-01
1 1 0.5 -1 -1   0.97145E-02
1 1 0.5 -0.6 -0.4   0.43444E-02
1 1 1.5 0 0.4   0.51621E-01
1 1 0 -0.8 0.8   0.14411E-01
5 1.0 0 0 0   0.11411E-01
1 1 0.5 -0.6 0.8   0.14580E-02
1 1 0.5 0 0.2   0.16798E-02
1 1 1.5 -0.2 0.2   0.54927E-01
1 1.5 2 0 0   0.67765E-01
1 1 0.5 0.2 -0.8   0.11319E-01
1 1 0 -0.6 0.6   0.10896E-01
1 1 0.5 -0.8 -1   0.10395E-01
1 1 0.5 -0.4 -0.4   0.47975E-02
1 1 1.5 0 0.2   0.56500E-01
1 1 0 -0.6 0.8   0.13535E-01
5 1.5 0 0 0   0.15844E-01
1 1 0.5 -0.4 0.8   0.12951E-02
1 1 0.5 -1 0.2   0.95826E-03
1 1 1.5 0 0   0.61744E-01
1 1 0.5 0 -0.8   0.10542E-01
1 1.5 3 0 0   0.21186E+00
1 1 0 -0.4 0.4   0.80182E-02
1 1 1.5 0 0   0.61744E-01
1 1 0 -0.4 0.8   0.12697E-01
5 2.0 0 0 0   0.28981E-01
1 1 0.5 -0.2 0.8   0.11737E-02
1 1 0.5 -0.8 0.2   0.10241E-02
1 1 1.5 1 -1   0.10542E+00
1 1 0.5 -1 -0.8   0.72696E-02
1 1.0 -3 0 0   0.44778E+00
1 1 0 -0.2 0.2   0.57771E-02
1 1 1.5 0 -1   0.93895E-01
1 1 0 -0.2 0.8   0.11895E-01
5 2.5 0 0 0   0.75170E-01
1 1 0.5 1 0.6   0.15735E-02
1 1 0.5 -0.6 0.2   0.11294E-02
1 1 1.5 0.8 -0.8   0.95421E-01
1 1 0.5 -0.8 -0.8   0.78486E-02
1 1.0 -2 0 0   0.21728E+00
2.4 1 0 1 -1   0.17630E-01
1 1 1.5 0 -0.8   0.86717E-01
1 1 0 1 0.6   0.61182E-02
1 1 0.5 -0.4 0.2   0.12713E-02
1 1 0.5 0.8 0.6   0.13594E-02
10 2.5 0 0 0   0.21635E+00
1 1 1.5 0.6 -0.6   0.85942E-01
1 1 0.5 -0.6 -0.8   0.84510E-02
1 1.0 -1 0 0   0.69183E-01
2.4 1 0 0.8 -0.8   0.12241E-01
1 1 1.5 0 -0.6   0.79766E-01
1 1 0 0.8 0.6   0.65757E-02
1 1 0.5 0.6 0.6   0.11844E-02
10 0.5 0 0 0   0.26515E-01
1 1 1.5 0.4 -0.4   0.77299E-01
1 1 0.5 -0.4 -0.8   0.91155E-02
1 1.0 -0 0 0   0.41761E-02
1 1 1.5 0 -0.4   0.73426E-01
2.4 1 0 0.6 -0.6   0.79609E-02
1 1 0 0.6 0.6   0.70800E-02
1 1 0.5 0.4 0.6   0.10469E-02
10 1.0 0 0 0   0.81366E-01
1 1 1.5 0.2 -0.2   0.69144E-01
1 1.0 1 0 0   0.21839E-01
1 1 0.5 -0.2 -0.8   0.98029E-02
1 1 1.5 0 -0.2   0.67330E-01
2.4 1 0 0.4 -0.4   0.47912E-02
1 1 0 0.4 0.6   0.76144E-02
1 1 0.5 0.2 0.6   0.95070E-03
10 1.5 0 0 0   0.13771E+00
1 1 2 -0.8 0.8   0.87605E-01
1 1.0 2 0 0   0.12229E+00
1 1 0.5 1 -0.6   0.11724E-01
1 1 2 0 0.8   0.95102E-01
2.4 1 0 0.2 -0.2   0.27298E-02
1 1 0 0.2 0.6   0.81925E-02
1 1 0.5 0 0.6   0.89306E-03
10 2.0 0 0 0   0.18251E+00
1 1 2 -0.6 0.6   0.95351E-01
1 1.0 3 0 0   0.30570E+00
1 1 2 0 0.6   0.10137E+00
2.4 1 0 0 0   0.17802E-02
1 1 0.5 -1 0.6   0.11928E-02
1 1 0 0 0.6   0.88080E-02
10 2.5 0 0 0    0.21631E+00
1 1 2 -0.4 0.4   0.10369E+00
1 0.5 -3 0 0   0.38086E+00
1 1 0.5 -0.8 0.6   0.10534E-02
1 1 2 0 0.4   0.10794E+00
2.4 1 0 -1 1   0.13668E-01
1 1 0 -1 0.6   0.12480E-01
15 2.5 0 0 0   0.78098E+00
1 1 2 -0.2 0.2   0.11267E+00
1 0.5 -2 0 0   0.17117E+00
1 1 2 0 0.2   0.11493E+00
2.4 1 0 -0.8 0.8   0.90728E-02
1 1 0 -0.8 0.6   0.11670E-01
15 0.5 0 0 0   0.64933E-01
1 1 2 0 0   0.12226E+00
1 0.5 -1 0 0   0.44255E-01
2.4 1 0 -0.6 0.6   0.55864E-02
1 1 2 0 0   0.12226E+00
1 1 0 -0.6 0.6   0.10896E-01
15 1.0 0 0 0   0.21905E+00
1 1 2 1 -1   0.17999E+00
1 0.5 -0 0 0   0.12020E-03
2.4 1 0 -0.4 0.4   0.32062E-02
1 1 0 -0.4 0.6   0.10157E-01
1 1 2 0 -1   0.16514E+00
15 1.5 0 0 0   0.41201E+00
1 1 2 0.8 -0.8   0.16722E+00
1 0.5 1 0 0   0.38778E-01
1 1 2 0 -0.8   0.15587E+00
2.4 1 0 -0.2 0.2   0.19378E-02
1 1 0 -0.2 0.6   0.94633E-02
15 2.0 0 0 0   0.60665E+00
1 1 2 0.6 -0.6   0.15493E+00
1 0.5 2 0 0   0.16011E+00
1 1 0 1 0.4   0.46923E-02
1 1 2 0 -0.6   0.14674E+00
5 1 0 1 -1   0.75240E-01
15 2.5 0 0 0      0.78052E+00
1 1 2 0.4 -0.4   0.14358E+00
1 1 2 0 -0.4   0.13834E+00
1 1 0 0.8 0.4   0.50520E-02
5 1 0 0.8 -0.8   0.57678E-01
-1 2.5 0 0 0   0.46410E+00
1 1 2 0.2 -0.2   0.13263E+00
1 1 2 0 -0.2   0.13015E+00
1 1 0 0.6 0.4   0.54486E-02
5 1 0 0.6 -0.6   0.42511E-01
-1 0.5 0 0 0   0.16990E-02
1 1 2.5 -0.8 0.8   0.15766E+00
1 1 2.5 0 0.8   0.16788E+00
1 1 0 0.4 0.4   0.58861E-02
5 1 0 0.4 -0.4   0.29756E-01
-1 1.0 0 0 0   0.16805E-01
1 1 2.5 -0.6 0.6   0.16828E+00
1 1 2.5 0 0.6   0.17628E+00
1 1 0 0.2 0.4   0.63577E-02
5 1 0 0.2 -0.2   0.19365E-01
1 1 2.5 -0.4 0.4   0.17945E+00
-1 1.5 0 0 0   0.70568E-01
1 1 2.5 0 0.4   0.18501E+00
1 1 0 0 0.4   0.68752E-02
5 1 0 0 0   0.11418E-01
1 1 2.5 -0.2 0.2   0.19121E+00
-1 2.0 0 0 0   0.20208E+00
1 1 2.5 0 0.2   0.19414E+00
1 1 0 -1 0.4   0.10038E-01
5 1 0 -1 1   0.74910E-02
1 1 2.5 0 0   0.20357E+00
-1 2.5 0 0 0   0.46405E+00
1 1 2.5 0 0   0.20357E+00
1 1 0 -0.8 0.4   0.93209E-02
5 1 0 -0.8 0.8   0.34838E-02
1 1 2.5 1 -1   0.27533E+00
-1 2.5 0 0 0   0.46390E+00
1 1 2.5 0 -1   0.25708E+00
1 1 0 -0.6 0.4   0.86480E-02
5 1 0 -0.6 0.6   0.18705E-02
1 1 2.5 0.8 -0.8   0.25959E+00
-2.4 0.5 0 0 0   0.44159E-02
1 1 2.5 0 -0.8   0.24545E+00
1 1 0 -0.4 0.4   0.80149E-02
5 1 0 -0.4 0.4   0.26566E-02
1 1 2.5 0.6 -0.6   0.24466E+00
-2.4 1.0 0 0 0   0.32062E-01
1 1 0 -0.2 0.4   0.74272E-02
1 1 2.5 0 -0.6   0.23452E+00
5 1 0 -0.2 0.2   0.58296E-02
1 1 2.5 0.4 -0.4   0.23045E+00
-2.4 1.5 0 0 0   0.11487E+00
1 1 0 1 0.2   0.36570E-02
1 1 2.5 0 -0.4   0.22388E+00
-1 1 0 1 -1   0.11894E-01
1 1 2.5 0.2 -0.2   0.21659E+00
-2.4 2.0 0 0 0   0.29863E+00
1 1 0 0.8 0.2   0.39125E-02
1 1 2.5 0 -0.2   0.21341E+00
-1 1 0 0.8 -0.8   0.12414E-01
1 1 3 -0.8 0.8   0.24847E+00
-2.4 2.5 0 0 0   0.64227E+00
1 1 0 0.6 0.2   0.42058E-02
1 1 3 0 0.8   0.26144E+00
-1 1 0 0.6 -0.6   0.13175E-01
1 1 3 -0.6 0.6   0.26171E+00
-5 2.5 0 0 0   0.10619E+01
1 1 0 0.4 0.2   0.45415E-02
1 1 3 0 0.6   0.27179E+00
-1 1 0 0.4 -0.4   0.14155E-01
1 1 3 -0.4 0.4   0.27568E+00
-5 0.5 0 0 0   0.12983E-01
1 1 3 0 0.4   0.28257E+00
1 1 0 0.2 0.2   0.49116E-02
-1 1 0 0.2 -0.2   0.15361E-01
1 1 3 -0.2 0.2   0.29015E+00
-5 1.0 0 0 0   0.74526E-01
1 1 3 0 0.2   0.29377E+00
1 1 0 0 0.2   0.53239E-02
-1 1 0 0 0   0.16792E-01
1 1 3 0 0   0.30551E+00
-5 1.5 0 0 0   0.22889E+00
1 1 3 0 0   0.30551E+00
1 1 0 -1 0.2   0.79762E-02
-1 1 0 -1 1   0.27450E-01
1 1 3 1 -1   0.39161E+00
-5 2.0 0 0 0   0.53420E+00
1 1 3 0 -1   0.36997E+00
1 1 0 -0.8 0.2   0.73703E-02
-1 1 0 -0.8 0.8   0.24858E-01
1 1 3 0.8 -0.8   0.37295E+00
-5 2.5 0 0 0     0.10614E+01
1 1 3 0 -0.8   0.35615E+00
1 1 0 -0.6 0.2   0.67955E-02
-1 1 0 -0.6 0.6   0.22500E-01
1 1 3 0.6 -0.6   0.35516E+00
-10 2.5 0 0 0   0.21887E+01
1 1 3 0 -0.6   0.34295E+00
1 1 0 -0.4 0.2   0.62672E-02
-1 1 0 -0.4 0.4   0.20377E-01
1 1 3 0.4 -0.4   0.33799E+00
-10 0.5 0 0 0   0.42316E-01
1 1 3 0 -0.4   0.33004E+00
1 1 0 -0.2 0.2   0.57767E-02
-1 1 0 -0.2 0.2   0.18476E-01
1 1 3 0.2 -0.2   0.32156E+00
-10 1.0 0 0 0   0.20777E+00
1 1 3 0 -0.2   0.31773E+00
1 1 0 1 0   0.30177E-02
-2.4 1 0 1 -1   0.32449E-01
1 1 -0.5 0 0   0.26380E-01
-10 1.5 0 0 0   0.56388E+00
1 1 0 0 0   0.41787E-02
1 1 0 0.8 0   0.31705E-02
-2.4 1 0 0.8 -0.8   0.32122E-01
1 1 -0.5 1 -1   0.13890E-01
-10 2.0 0 0 0  0.11930E+01
1 1 0 0.6 0  0.33634E-02
1 1 0.5 0 -1    0.13497E-01
-2.4 1 0 0.6 -0.6  0.31911E-01
1 1 -0.5 0.8 -0.8  0.15117E-01
-10 2.5 0 0 0  0.21895E+01
1 1 -0.5 0 -0.8  0.17185E-01
1 1 0 0.4 0  0.35973E-02
-2.4 1 0 0.4 -0.4  0.31824E-01
1 1 -0.5 0.6 -0.6  0.16977E-01
-15 2.5 0 0 0  0.37392E+01
1 1 -0.5 0 -0.6  0.18888E-01
1 1 0 0.2 0  0.38649E-02
-2.4 1 0 0.2 -0.2  0.31878E-01
1 1 -0.5 0.4 -0.4  0.19472E-01
-15 0.5 0 0 0  0.88524E-01
1 1 -0.5 0 -0.4  0.20991E-01
1 1 0 0 0  0.41752E-02
-2.4 1 0 0 0  0.32068E-01
1 1 -0.5 0.2 -0.2  0.22606E-01
-15 1.0 0 0 0  0.40818E+00
1 1 -0.5 0 -0.2  0.23491E-01
1 1 0 -1 0  0.63116E-02
-2.4 1 0 -1 1  0.34974E-01
1 1 -1 -0.8 0.8  0.10197E+00
-15 1.5 0 0 0  0.10516E+01
1 1 -1 0 0.8  0.93346E-01
1 1 0 -0.8 0  0.58072E-02
1 1 -1 -0.6 0.6  0.92880E-01
-2.4 1 0 -0.8 0.8  0.34130E-01
-15 2.0 0 0 0  0.21218E+01
1 1 -1 0 0.6  0.86748E-01
1 1 0 -0.6 0  0.53411E-02
1 1 -1 -0.4 0.4  0.84347E-01
-2.4 1 0 -0.6 0.6  0.33428E-01
1 1 -1 0 0.4  0.80512E-01
1 1 0 -0.4 0  0.49125E-02
1 1 -1 -0.2 0.2  0.76560E-01
-2.4 1 0 -0.4 0.4  0.32857E-01
1 1 -1 0 0.2  0.74760E-01
1 1 0 -0.2 0  0.45288E-02
1 1 -1 0 0  0.69300E-01
-2.4 1 0 -0.2 0.2  0.32415E-01
1 1 0 1 -1  0.57213E-02
1 1 -1 0 0  0.69300E-01
1 1 -1 1 -1  0.42738E-01
1 1 -1 0.8 -0.8  0.46813E-01
