0.0001 1 0 1 -1  0.53896E-02
1 1 0.5 0 0  0.26599E-02
1 1 0 1 1  0.10134E-01
1 2.5 -3 0 0  0.12249E+01
0.0001 1 0 0.8 -0.8  0.53658E-02
1 1 0.5 1 -1  0.18263E-01
1 1 0 0.8 1  0.10849E-01
1 2.5 -2 0 0  0.82529E+00
0.0001 1 0 0.6 -0.6  0.57148E-02
1 1 0 0.6 1  0.11535E-01
1 2.5 -1 0 0  0.50438E+00
1 1 0.5 0.8 -0.8  0.13876E-01
0.0001 1 0 0.4 -0.4  0.64600E-02
1 1 0 0.4 1  0.12275E-01
1 1 0.5 0.6 -0.6  0.10101E-01
1 2.5 -0 0 0  0.26677E+00
0.0001 1 0 0.2 -0.2  0.76111E-02
1 1 0 0.2 1  0.13069E-01
1 1 0.5 0.4 -0.4  0.70010E-02
1 2.5 1 0 0  0.11231E+00
0.0001 1 0 0 0  0.91410E-02
1 1 0 0 1  0.13867E-01
1 1 0.5 0.2 -0.2  0.45027E-02
1 2.5 2 0 0  0.40377E-01
0.0001 1 0 -1 1  0.22706E-01
1 2.5 3 0 0  0.51387E-01
1 1 1 -0.8 0.8  0.96116E-02
1 1 0 -1 1  0.18551E-01
0.0001 1 0 -0.8 0.8  0.19240E-01
1 2.0 -3 0 0  0.83576E+00
1 1 1 -0.6 0.6  0.11725E-01
1 1 0 -0.8 1  0.17575E-01
0.0001 1 0 -0.6 0.6  0.16096E-01
1 1 1 -0.4 0.4  0.14438E-01
1 1 0 -0.6 1  0.16558E-01
1 2.0 -2 0 0  0.50692E+00
0.0001 1 0 -0.4 0.4  0.13365E-01
1 1 1 -0.2 0.2  0.17811E-01
1 1 0 -0.4 1  0.15624E-01
1 2.0 -1 0 0  0.26276E+00
0.0001 1 0 -0.2 0.2  0.11050E-01
1 1 1 0 0  0.21830E-01
1 1 0 -0.2 1  0.14720E-01
1 2.0 -0 0 0  0.10103E+00
1 1 0 1 -1  0.57178E-02
1 1 1 1 -1  0.51473E-01
1 1 0 1 0.8  0.79412E-02
1 2.0 1 0 0  0.22126E-01
1 1 0 0.8 -0.8  0.41409E-02
1 1 1 0.8 -0.8  0.44276E-01
1 2.0 2 0 0  0.25992E-01
1 1 0 0.8 0.8  0.85094E-02
1 1 0 0.6 -0.6  0.31991E-02
1 1 1 0.6 -0.6  0.37784E-01
1 2.0 3 0 0  0.11303E+00
1 1 0 0.6 0.8  0.91123E-02
1 1 0 0.4 -0.4  0.28845E-02
1 1 1 0.4 -0.4  0.31773E-01
1 1.5 -3 0 0  0.58865E+00
1 1 0 0.4 0.8  0.97471E-02
1 1 0 0.2 -0.2  0.32109E-02
1 1 1 0.2 -0.2  0.26501E-01
1 1.5 -2 0 0  0.31968E+00
1 1 0 0.2 0.8  0.10430E-01
1 1 0 0 0  0.41758E-02
1 1 1.5 -0.8 0.8  0.38258E-01
1 1.5 -1 0 0  0.13228E+00
1 1 0 0 0.8  0.11141E-01
1 1 0 -1 1  0.18559E-01
1 1 1.5 -0.6 0.6  0.43182E-01
1 1.5 -0 0 0  0.28015E-01
1 1 0 -1 0.8  0.15322E-01
1 1 0 -0.8 0.8  0.14415E-01
1 1 1.5 -0.4 0.4  0.48743E-01
1 1.5 1 0 0  0.64658E-02
1 1 0 -0.8 0.8  0.14415E-01
1 1 0 -0.6 0.6  0.10873E-01
1 1 1.5 -0.2 0.2  0.54915E-01
1 1.5 2 0 0  0.67761E-01
1 1 0 -0.6 0.8  0.13506E-01
1 1 0 -0.4 0.4  0.80198E-02
1 1 1.5 0 0  0.61751E-01
1 1.5 3 0 0  0.21197E+00
1 1 0 -0.4 0.8  0.12700E-01
1 1 0 -0.2 0.2  0.57844E-02
1 1 1.5 1 -1  0.10540E+00
1 1.0 -3 0 0  0.44781E+00
1 1 0 -0.2 0.8  0.11898E-01
2.4 1 0 1 -1  0.17612E-01
1 1 1.5 0.8 -0.8  0.95384E-01
1 1.0 -2 0 0  0.21717E+00
1 1 0 1 0.6  0.61177E-02
2.4 1 0 0.8 -0.8  0.12232E-01
1 1 1.5 0.6 -0.6  0.85918E-01
1 1.0 -1 0 0  0.69210E-01
1 1 0 0.8 0.6  0.65762E-02
1 1 1.5 0.4 -0.4  0.77333E-01
2.4 1 0 0.6 -0.6  0.79564E-02
1 1.0 -0 0 0  0.41769E-02
1 1 0 0.6 0.6  0.70810E-02
1 1 1.5 0.2 -0.2  0.69075E-01
1 1.0 1 0 0  0.21837E-01
2.4 1 0 0.4 -0.4  0.47893E-02
1 1 0 0.4 0.6  0.76167E-02
1 1 2 -0.8 0.8  0.87603E-01
1 1.0 2 0 0  0.12223E+00
1 1 0 0.2 0.6  0.81921E-02
2.4 1 0 0.2 -0.2  0.27304E-02
1 1 2 -0.6 0.6  0.95365E-01
1 1.0 3 0 0  0.30589E+00
1 1 0 0 0.6  0.88154E-02
2.4 1 0 0 0  0.17815E-02
1 1 2 -0.4 0.4  0.10372E+00
1 0.5 -3 0 0  0.38100E+00
1 1 0 -1 0.6  0.12481E-01
2.4 1 0 -1 1  0.13675E-01
1 1 2 -0.2 0.2  0.11273E+00
1 0.5 -2 0 0  0.17135E+00
1 1 0 -0.8 0.6  0.11682E-01
2.4 1 0 -0.8 0.8  0.90806E-02
1 1 2 0 0  0.12233E+00
1 0.5 -1 0 0  0.44283E-01
2.4 1 0 -0.6 0.6  0.55871E-02
1 1 0 -0.6 0.6  0.10903E-01
1 1 2 1 -1  0.18009E+00
1 0.5 -0 0 0  0.12031E-03
2.4 1 0 -0.4 0.4  0.32094E-02
1 1 0 -0.4 0.6  0.10169E-01
1 1 2 0.8 -0.8  0.16728E+00
1 0.5 1 0 0  0.38769E-01
2.4 1 0 -0.2 0.2  0.19362E-02
1 1 0 -0.2 0.6  0.94676E-02
1 1 2 0.6 -0.6  0.15497E+00
1 0.5 2 0 0  0.16030E+00
1 1 0 1 0.4  0.46971E-02
5 1 0 1 -1  0.75311E-01
1 1 2 0.4 -0.4  0.14361E+00
1 1 0 0.8 0.4  0.50643E-02
5 1 0 0.8 -0.8  0.57705E-01
1 1 2 0.2 -0.2  0.13273E+00
1 1 0 0.6 0.4  0.54560E-02
5 1 0 0.6 -0.6  0.42516E-01
1 1 2.5 -0.8 0.8  0.15745E+00
1 1 0 0.4 0.4  0.58797E-02
5 1 0 0.4 -0.4  0.29741E-01
1 1 2.5 -0.6 0.6  0.16853E+00
1 1 0 0.2 0.4  0.63601E-02
5 1 0 0.2 -0.2  0.19377E-01
1 1 2.5 -0.4 0.4  0.17957E+00
1 1 0 0 0.4  0.68837E-02
5 1 0 0 0  0.11405E-01
1 1 2.5 -0.2 0.2  0.19107E+00
1 1 0 -1 0.4  0.10032E-01
5 1 0 -1 1  0.74904E-02
1 1 2.5 0 0  0.20372E+00
1 1 0 -0.8 0.4  0.93309E-02
5 1 0 -0.8 0.8  0.34859E-02
1 1 2.5 1 -1  0.27515E+00
1 1 0 -0.6 0.4  0.86479E-02
5 1 0 -0.6 0.6  0.18709E-02
1 1 2.5 0.8 -0.8  0.25958E+00
1 1 0 -0.4 0.4  0.80078E-02
5 1 0 -0.4 0.4  0.26561E-02
1 1 2.5 0.6 -0.6  0.24465E+00
1 1 0 -0.2 0.4  0.74221E-02
5 1 0 -0.2 0.2  0.58315E-02
1 1 2.5 0.4 -0.4  0.23026E+00
1 1 0 1 0.2  0.36560E-02
-1 1 0 1 -1  0.11878E-01
1 1 2.5 0.2 -0.2  0.21687E+00
1 1 0 0.8 0.2  0.39129E-02
-1 1 0 0.8 -0.8  0.12430E-01
1 1 3 -0.8 0.8  0.24836E+00
1 1 0 0.6 0.2  0.42027E-02
-1 1 0 0.6 -0.6  0.13170E-01
1 1 3 -0.6 0.6  0.26172E+00
1 1 0 0.4 0.2  0.45434E-02
-1 1 0 0.4 -0.4  0.14163E-01
1 1 3 -0.4 0.4  0.27569E+00
1 1 0 0.2 0.2  0.49127E-02
-1 1 0 0.2 -0.2  0.15362E-01
1 1 3 -0.2 0.2  0.29020E+00
1 1 0 0 0.2  0.53193E-02
-1 1 0 0 0  0.16798E-01
1 1 3 0 0  0.30493E+00
1 1 0 -1 0.2  0.79619E-02
-1 1 0 -1 1  0.27434E-01
1 1 3 1 -1  0.39238E+00
1 1 0 -0.8 0.2  0.73827E-02
-1 1 0 -0.8 0.8  0.24905E-01
1 1 3 0.8 -0.8  0.37269E+00
1 1 0 -0.6 0.2  0.67961E-02
-1 1 0 -0.6 0.6  0.22491E-01
1 1 3 0.6 -0.6  0.35509E+00
1 1 0 -0.4 0.2  0.62591E-02
-1 1 0 -0.4 0.4  0.20392E-01
1 1 3 0.4 -0.4  0.33830E+00
1 1 0 -0.2 0.2  0.57861E-02
-1 1 0 -0.2 0.2  0.18502E-01
1 1 3 0.2 -0.2  0.32188E+00
1 1 0 1 0  0.30217E-02
-2.4 1 0 1 -1  0.32448E-01
1 1 -0.5 0 0  0.26382E-01
1 1 0 0.8 0  0.31682E-02
-2.4 1 0 0.8 -0.8  0.32137E-01
1 1 -0.5 1 -1  0.13892E-01
1 1 0 0.6 0  0.33642E-02
-2.4 1 0 0.6 -0.6  0.31893E-01
1 1 -0.5 0.8 -0.8  0.15117E-01
1 1 0 0.4 0  0.35958E-02
-2.4 1 0 0.4 -0.4  0.31831E-01
1 1 -0.5 0.6 -0.6  0.16961E-01
1 1 0 0.2 0  0.38667E-02
-2.4 1 0 0.2 -0.2  0.31935E-01
1 1 -0.5 0.4 -0.4  0.19502E-01
1 1 0 0 0  0.41791E-02
-2.4 1 0 0 0  0.32076E-01
1 1 -0.5 0.2 -0.2  0.22598E-01
1 1 0 -1 0  0.63099E-02
1 1 -1 -0.8 0.8  0.10200E+00
-2.4 1 0 -1 1  0.34947E-01
1 1 0 -0.8 0  0.58168E-02
1 1 -1 -0.6 0.6  0.92873E-01
-2.4 1 0 -0.8 0.8  0.34155E-01
1 1 0 -0.6 0  0.53410E-02
1 1 -1 -0.4 0.4  0.84445E-01
-2.4 1 0 -0.6 0.6  0.33405E-01
1 1 0 -0.4 0  0.49236E-02
1 1 -1 -0.2 0.2  0.76593E-01
-2.4 1 0 -0.4 0.4  0.32883E-01
1 1 0 -0.2 0  0.45289E-02
1 1 -1 0 0  0.69286E-01
-2.4 1 0 -0.2 0.2  0.32429E-01
1 1 0 1 -1  0.57214E-02
1 1 -1 1 -1  0.42730E-01
-5 1 0 1 -1  0.10607E+00
1 1 0 0.8 -1  0.53682E-02
1 1 -1 0.8 -0.8  0.46817E-01
-5 1 0 0.8 -0.8  0.99045E-01
1 1 0 0.6 -1  0.50542E-02
1 1 -1 0.6 -0.6  0.51496E-01
-5 1 0 0.6 -0.6  0.92407E-01
1 1 0 0.4 -1  0.47749E-02
1 1 -1 0.4 -0.4  0.56800E-01
-5 1 0 0.4 -0.4  0.86075E-01
1 1 0 0.2 -1  0.45329E-02
1 1 -1 0.2 -0.2  0.62743E-01
1 1 0 0 -1  0.43360E-02
-5 1 0 0.2 -0.2  0.80150E-01
1 1 -1.5 -0.8 0.8  0.17694E+00
1 1 0 -1 -1  0.39282E-02
-5 1 0 0 0  0.74610E-01
1 1 -1.5 -0.6 0.6  0.16494E+00
1 1 0 -0.8 -1  0.39199E-02
-5 1 0 -1 1  0.51961E-01
1 1 -1.5 -0.4 0.4  0.15343E+00
1 1 0 -0.6 -1  0.39635E-02
-5 1 0 -0.8 0.8  0.55659E-01
1 1 -1.5 -0.2 0.2  0.14308E+00
1 1 0 -0.4 -1  0.40534E-02
-5 1 0 -0.6 0.6  0.59916E-01
1 1 -1.5 0 0  0.13277E+00
1 1 0 -0.2 -1  0.41614E-02
-5 1 0 -0.4 0.4  0.64445E-01
1 1 -1.5 1 -1  0.92284E-01
1 1 0 1 -0.8  0.43922E-02
1 1 -1.5 0.8 -0.8  0.99074E-01
1 1 0 0.8 -0.8  0.41341E-02
1 1 -1.5 0.6 -0.6  0.10646E+00
1 1 0 0.6 -0.8  0.39215E-02
1 1 -1.5 0.4 -0.4  0.11470E+00
1 1 0 0.4 -0.8  0.37458E-02
1 1 -1.5 0.2 -0.2  0.12371E+00
1 1 0 0.2 -0.8  0.36137E-02
1 1 -2 -0.8 0.8  0.27222E+00
1 1 0 0 -0.8  0.35089E-02
1 1 0 -1 -0.8  0.36144E-02
1 1 -2 -0.6 0.6  0.25787E+00
1 1 0 -0.8 -0.8  0.35161E-02
1 1 -2 -0.4 0.4  0.24366E+00
1 1 0 -0.6 -0.8  0.34506E-02
1 1 -2 -0.2 0.2  0.22987E+00
1 1 0 -0.4 -0.8  0.34296E-02
1 1 -2 0 0  0.21709E+00
1 1 0 -0.2 -0.8  0.34534E-02
1 1 -2 1 -1  0.16257E+00
1 1 0 1 -0.6  0.34556E-02
1 1 -2 0.8 -0.8  0.17218E+00
1 1 0 0.8 -0.6  0.33045E-02
1 1 -2 0.6 -0.6  0.18239E+00
1 1 0 0.6 -0.6  0.31915E-02
1 1 -2 0.4 -0.4  0.19331E+00
1 1 0 0.4 -0.6  0.31143E-02
1 1 -2 0.2 -0.2  0.20514E+00
1 1 0 0.2 -0.6  0.30816E-02
0.0001 0.5 0 0 0  0.57007E-03
1 1 -2.5 -0.8 0.8  0.38834E+00
1 1 0 0 -0.6  0.30860E-02
0.0001 1.0 0 0 0  0.91394E-02
1 1 -2.5 -0.6 0.6  0.37069E+00
1 1 0 -1 -0.6  0.36972E-02
0.0001 1.5 0 0 0  0.46310E-01
1 1 -2.5 -0.4 0.4  0.35452E+00
1 1 0 -0.8 -0.6  0.34987E-02
0.0001 2.0 0 0 0  0.14625E+00
1 1 -2.5 -0.2 0.2  0.33781E+00
1 1 0 -0.6 -0.6  0.33338E-02
1 2.5 0 0 0  0.26698E+00
1 1 -2.5 0 0  0.32218E+00
1 1 0 -0.4 -0.6  0.32189E-02
1 0.5 0 0 0  0.12005E-03
1 1 -2.5 1 -1  0.25365E+00
1 1 0 -0.2 -0.6  0.31236E-02
1 1.0 0 0 0  0.41772E-02
1 1 -2.5 0.8 -0.8  0.26572E+00
1 1 0 1 -0.4  0.29210E-02
1 1.5 0 0 0  0.28031E-01
1 1 -2.5 0.6 -0.6  0.27884E+00
1 1 0 0.8 -0.4  0.28680E-02
1 2.0 0 0 0  0.10098E+00
1 1 -2.5 0.4 -0.4  0.29290E+00
1 1 0 0.6 -0.4  0.28525E-02
1 2.5 0 0 0    0.26659E+00
1 1 -2.5 0.2 -0.2  0.30719E+00
1 1 0 0.4 -0.4  0.28834E-02
1 2.5 0 0 0  0.26648E+00
1 1 -3 -0.8 0.8  0.52584E+00
1 1 0 0.2 -0.4  0.29459E-02
2.4 0.5 0 0 0  0.62574E-03
1 1 -3 -0.6 0.6  0.50432E+00
1 1 0 0 -0.4  0.30555E-02
2.4 1.0 0 0 0  0.17805E-02
1 1 -3 -0.4 0.4  0.48525E+00
1 1 0 -1 -0.4  0.41835E-02
2.4 1.5 0 0 0  0.12680E-01
1 1 -3 -0.2 0.2  0.46696E+00
1 1 0 -0.8 -0.4  0.38715E-02
2.4 2.0 0 0 0  0.56108E-01
1 1 -3 0 0  0.44717E+00
1 1 0 -0.6 -0.4  0.36123E-02
2.4 2.5 0 0 0  0.16889E+00
1 1 -3 1 -1  0.36497E+00
1 1 0 -0.4 -0.4  0.33892E-02
5 2.5 0 0 0  0.75108E-01
1 1 -3 0.8 -0.8  0.38019E+00
1 1 0 -0.2 -0.4  0.32042E-02
5 0.5 0 0 0  0.50833E-02
1 1 -3 0.6 -0.6  0.39673E+00
1 1 0 1 -0.2  0.27680E-02
5 1.0 0 0 0  0.11422E-01
1 1 -3 0.4 -0.4  0.41236E+00
1 1 0 0.8 -0.2  0.28262E-02
5 1.5 0 0 0  0.15832E-01
1 1 -3 0.2 -0.2  0.43022E+00
1 1 0 0.6 -0.2  0.29136E-02
5 2.0 0 0 0  0.28973E-01
1 1 -3 -1 1  0.54683E+00
1 1 0 0.4 -0.2  0.30456E-02
5 2.5 0 0 0   0.75246E-01
1 1 -2.5 -1 1  0.40677E+00
1 1 0 0.2 -0.2  0.32095E-02
10 2.5 0 0 0  0.21662E+00
1 1 -0.5 -1 1  0.54832E-01
1 1 0 0 -0.2  0.34174E-02
10 0.5 0 0 0  0.26499E-01
1 1 -0.5 -0.8 0.8  0.47865E-01
1 1 0 -1 -0.2  0.50418E-02
10 1.0 0 0 0  0.81263E-01
1 1 -0.5 -0.6 0.6  0.41499E-01
1 1 0 -0.8 -0.2  0.46431E-02
10 1.5 0 0 0  0.13769E+00
1 1 -0.5 -0.4 0.4  0.35841E-01
1 1 0 -0.6 -0.2  0.42792E-02
1 1 -0.5 -0.2 0.2  0.30791E-01
10 2.0 0 0 0  0.18241E+00
1 1 0 -0.4 -0.2  0.39496E-02
1 1 0.5 -0.8 0.8  0.16580E-02
1 1 0 -0.2 -0.2  0.36628E-02
10 2.5 0 0 0   0.21665E+00
1 1 0.5 -0.6 0.6  0.95431E-03
1 1 0 -1.0 -0.2  0.50418E-02
15 2.5 0 0 0  0.78180E+00
1 1 0.5 -0.4 0.4  0.88614E-03
1 1 0 -0.8 -0.2   0.46361E-02
15 0.5 0 0 0  0.64980E-01
1 1 0.5 -0.2 0.2  0.14550E-02
1 1 0 -0.6 -0.2   0.42771E-02
15 1.0 0 0 0  0.21897E+00
1 1 1.0 -1 1  0.81343E-02
1 1 0 -0.4 -0.2  0.39489E-02
15 1.5 0 0 0  0.41191E+00
1 1 1.5 -1 1  0.33979E-01
1 1 0 0.0 -0.2  0.34174E-02
15 2.0 0 0 0  0.60631E+00
1 1 2.0 -1 1  0.80497E-01
1 1 0 1.0 -0.2  0.27691E-02
15 2.5 0 0 0  0.78048E+00
1 1 2.5 -1 1  0.14767E+00
1 1 0 0.8 -0.2 0.28256E-02
-1 2.5 0 0 0  0.46426E+00
1 1 0 0.6 -0.2  0.29120E-02
-1 0.5 0 0 0  0.16959E-02
1 1 0 0.4 -0.2   0.30362E-02
-1 1.0 0 0 0  0.16801E-01
1 1 0 0.2 -0.2 0.32129E-02
-1 1.5 0 0 0  0.70670E-01
1 1 0 0.0 -0.2 0.34186E-02
-1 2.0 0 0 0  0.20183E+00
1 1 0 -0.8 -0.2  0.46484E-02
-1 2.5 0 0 0 0.46372E+00
1 1 0 -0.6 -0.2  0.42790E-02
-1 2.5 0 0 0  0.46437E+00
1 1 0 -0.2 -0.2       0.0036628
-2.4 0.5 0 0 0  0.44123E-02
-2.4 1.0 0 0 0  0.32053E-01
-2.4 1.5 0 0 0  0.11485E+00
-2.4 2.0 0 0 0  0.29830E+00
-2.4 2.5 0 0 0  0.64328E+00
-5 2.5 0 0 0  0.10609E+01
-5 0.5 0 0 0  0.12978E-01
-5 1.0 0 0 0  0.74602E-01
1 1 -2 0 -0.2   0.20756E+00
1 1 1.5 0 0.8   0.42998E-01
1 1 2.5 0 -1   0.25674E+00
1 1 -1 0 0   0.69182E-01
1 1 -2.5 0 0.8   0.37217E+00
1 1 -1 0 -1   0.48179E-01
1 1 2.5 0 -0.8   0.24577E+00
1 1 1.5 0 0.6   0.47179E-01
1 1 -2.5 0 0.6   0.35907E+00
1 1 -1 0 -0.8   0.51580E-01
1 1 1.5 0 0.4   0.51672E-01
1 1 2.5 0 -0.6   0.23479E+00
1 1 -1 0 -0.6   0.55428E-01
1 1 -2.5 0 0.4   0.34643E+00
1 1 1.5 0 0.2   0.56541E-01
1 1 2.5 0 -0.4   0.22405E+00
1 1 -1 0 -0.4   0.59723E-01
1 1 -2.5 0 0.2   0.33441E+00
1 1 1.5 0 0   0.61836E-01
1 1 2.5 0 -0.2   0.21377E+00
1 1 -1 0 -0.2   0.64286E-01
1 1 -2.5 0 0   0.32210E+00
1 1 1.5 0 -1   0.93988E-01
1 1 3 0 0.8   0.26133E+00
1 1 -2.5 0 -1   0.26910E+00
1 1 -1.5 0 0.8   0.16545E+00
1 1 3 0 0.6   0.27168E+00
1 1 1.5 0 -0.8   0.86628E-01
1 1 -1.5 0 0.6   0.15696E+00
1 1 -2.5 0 -0.8   0.27915E+00
1 1 3 0 0.4   0.28305E+00
1 1 1.5 0 -0.6   0.79976E-01
1 1 -1.5 0 0.4   0.14829E+00
1 1 -2.5 0 -0.6   0.28882E+00
1 1 3 0 0.2   0.29362E+00
1 1 1.5 0 -0.4   0.73342E-01
1 1 -2.5 0 -0.4   0.29977E+00
1 1 -1.5 0 0.2   0.14046E+00
1 1 3 0 0   0.30517E+00
1 1 1.5 0 -0.2   0.67298E-01
1 1 -2.5 0 -0.2   0.31056E+00
1 1 -1.5 0 0   0.13283E+00
1 1 3 0 -1   0.36969E+00
1 1 2 0 0.8   0.95146E-01
1 1 -3 0 0.8   0.50629E+00
1 1 -1.5 0 -1   0.10100E+00
1 1 2 0 0.6   0.10131E+00
1 1 3 0 -0.8   0.35607E+00
1 1 -3 0 0.6   0.49087E+00
1 1 -1.5 0 -0.8   0.10662E+00
1 1 3 0 -0.6   0.34286E+00
1 1 2 0 0.4   0.10791E+00
1 1 -1.5 0 -0.6   0.11284E+00
1 1 -3 0 0.4   0.47711E+00
1 1 2 0 0.2   0.11521E+00
1 1 3 0 -0.4   0.33087E+00
1 1 -1.5 0 -0.4   0.11892E+00
1 1 -3 0 0.2   0.46139E+00
1 1 2 0 0   0.12224E+00
1 1 3 0 -0.2   0.31741E+00
1 1 -3 0 0   0.44829E+00
1 1 -1.5 0 -0.2   0.12582E+00
1 1 2 0 -1   0.16520E+00
1 1 0 0 0   0.41777E-02
1 1 -3 0 -1   0.38404E+00
1 1 -2 0 0.8   0.25845E+00
1 1 0.5 0 -1   0.13492E-01
1 1 2 0 -0.8   0.15593E+00
1 1 -3 0 -0.8   0.39609E+00
1 1 -2 0 0.6   0.24765E+00
1 1 -0.5 0 -0.8   0.17202E-01
1 1 2 0 -0.6   0.14687E+00
1 1 -3 0 -0.6   0.40860E+00
1 1 -0.5 0 -0.6   0.18903E-01
1 1 -2 0 0.4   0.23711E+00
1 1 2 0 -0.4   0.13834E+00
1 1 -3 0 -0.4   0.42052E+00
1 1 -0.5 0 -0.4   0.20971E-01
1 1 -2 0 0.2   0.22655E+00
1 1 2 0 -0.2   0.13010E+00
1 1 -3 0 -0.2   0.43435E+00
1 1 -0.5 0 -0.2   0.23488E-01
1 1 -2 0 0   0.21721E+00
1 1 2.5 0 0.8   0.16796E+00
1 1 -3 0 1   0.52155E+00
1 1 -1 0 0.8   0.93325E-01
1 1 -2 0 -1   0.17462E+00
1 1 2.5 0 0.6   0.17625E+00
1 1 -2.5 0 1   0.38526E+00
1 1 -1 0 0.6   0.86728E-01
1 1 -2 0 -0.8   0.18237E+00
1 1 2.5 0 0.4   0.18498E+00
1 1 -0.5 0 1   0.46696E-01
1 1 -1 0 0.4   0.80432E-01
1 1 -2 0 -0.6   0.19026E+00
1 1 2.5 0 0.2   0.19379E+00
1 1 -0.5 0 0.8   0.41907E-01
1 1 2.5 0 0   0.20365E+00
1 1 -0.5 0 0.6   0.37381E-01
1 1 -0.5 0 0.4   0.33351E-01
1 1 -0.5 0 0.2   0.29706E-01
1 1 0.5 0 0.8   0.10914E-02
1 1 0.5 0 0.6   0.89031E-03
1 1 0.5 0 0.4   0.10883E-02
1 1 0.5 0 0.2   0.16819E-02
1 1 1.0 0 1   0.10196E-01
1 1 1.5 0 1   0.39436E-01
1 1 2.0 0 1   0.89292E-01
1 1 2.5 0 1   0.16013E+00
