1 1 0.5 1 1   0.17501E+01
1 1 0.5 -0.6 0.6   0.88963E+00
0.0001 1 0 1 -1   0.26763E+01
1 1 0.5 -0.2 0.2   0.57197E+00
1 2.5 -3 0 0   0.23869E+03
0.0001 0.5 0 0 0   0.97490E-01
1 1 0.5 0 0   0.74441E+00
1 1 0 1 1   0.30509E+01
1 1 0.5 -0.2 -0.4   0.14820E+01
1 1 0.5 0 0   0.74441E+00
1 1 0.5 0.8 -0.6   0.27105E+01
1 1 0.5 0.8 1   0.17637E+01
1 1 0.5 -0.4 0.6   0.87866E+00
1 1 0.5 0 -1   0.41584E+01
0.0001 1 0 0.8 -0.8   0.20926E+01
1 1 0.5 1 0   0.10727E+01
1 1 0.5 1 -0.2   0.14804E+01
1 1 0 0.8 1   0.31634E+01
0.0001 1.0 0 0 0   0.15612E+01
1 2.5 -2 0 0   0.15699E+03
1 1 0.5 0.6 -0.6   0.25875E+01
1 1 0.5 1 -1   0.49200E+01
1 1 0.5 -0.2 0.6   0.87232E+00
1 1 0.5 0.6 1   0.17808E+01
1 1 0.5 0.8 -0.2   0.13886E+01
0.0001 1 0 0.6 -0.6   0.16902E+01
1 1 0.5 0 -0.8   0.31174E+01
0.0001 1.5 0 0 0   0.79029E+01
1 1 0.5 0.8 0   0.99849E+00
1 1 0.5 0.8 -0.8   0.36486E+01
1 1 0.5 0.4 -0.6   0.24727E+01
1 1 0 0.6 1   0.32821E+01
1 2.5 -1 0 0   0.93172E+02
1 1 0.5 0.4 1   0.18016E+01
1 1 0.5 1 0.4   0.80194E+00
1 1 0.5 0 -0.6   0.22527E+01
1 1 0.5 0.6 -0.2   0.13001E+01
0.0001 1 0 0.4 -0.4   0.14657E+01
1 1 0.5 0.6 0   0.92705E+00
1 1 0.5 0.6 -0.6   0.25909E+01
1 1 0 0.4 1   0.34010E+01
1 1 0.5 0.2 -0.6   0.23603E+01
1 2.5 -0 0 0   0.47484E+02
0.0001 2.0 0 0 0   0.24980E+02
1 1 0.5 0.2 1   0.18309E+01
1 1 0.5 0.8 0.4   0.76171E+00
1 1 0.5 0.4 0   0.86220E+00
1 1 0.5 0 -0.4   0.15699E+01
1 1 0.5 0.4 -0.2   0.12180E+01
0.0001 1 0 0.2 -0.2   0.14233E+01
1 1 0 0.2 1   0.35309E+01
1 1 0.5 0 -0.6   0.22546E+01
1 1 0.5 0.4 -0.4   0.17556E+01
1 2.5 0 0 0   0.47509E+02
1 2.5 1 0 0   0.19917E+02
1 1 0.5 0 1   0.18615E+01
1 1 0.5 0.6 0.4   0.72555E+00
1 1 0.5 0.2 -0.2   0.11398E+01
1 1 0.5 0.2 0   0.80102E+00
1 1 0.5 0 -0.2   0.10669E+01
1 1 0 0 1   0.36608E+01
1 1 0.5 0.2 -0.2   0.11398E+01
0.0001 1 0 0 0   0.15613E+01
1 1 0.5 -1 -0.6   0.17934E+01
1 0.5 0 0 0   0.25532E-01
1 2.5 2 0 0   0.10459E+02
1 1 0.5 -1 1   0.20913E+01
1 1 0.5 0.4 0.4   0.69290E+00
1 1 0.5 0 -0.2   0.10654E+01
1 1 0.5 0 0   0.74482E+00
1 1 1 0 0.8   0.43500E+01
1 1 0 -1 1   0.43775E+01
1 1 1 -0.8 0.8   0.40633E+01
0.0001 1 0 -1 1   0.49662E+01
1 1 0.5 -0.8 -0.6   0.18711E+01
1 2.5 3 0 0   0.19103E+02
1 1.0 0 0 0   0.80495E+00
1 1 0.5 -0.8 1   0.20356E+01
1 1 0.5 0.2 0.4   0.66782E+00
1 1 0.5 -1 -0.2   0.77870E+00
1 1 0.5 -1 0   0.54514E+00
1 1 1 0 0.6   0.42980E+01
1 1 0 -0.8 1   0.42280E+01
1 1 1 -0.6 0.6   0.40229E+01
1 1 0.5 -0.6 -0.6   0.19592E+01
0.0001 1 0 -0.8 0.8   0.39271E+01
1 2.0 -3 0 0   0.16768E+03
1 1.5 0 0 0   0.51485E+01
1 1 0.5 -0.6 1   0.19845E+01
1 1 0.5 0 0.4   0.64707E+00
1 1 0.5 -0.8 0   0.57461E+00
1 1 0.5 -0.8 -0.2   0.82615E+00
1 1 1 -0.4 0.4   0.42003E+01
1 1 1 0 0.4   0.44237E+01
1 1 0 -0.6 1   0.40777E+01
1 1 0.5 -0.4 -0.6   0.20533E+01
1 2.0 -2 0 0   0.99679E+02
0.0001 1 0 -0.4 0.4   0.23853E+01
1 2.0 0 0 0   0.18199E+02
1 1 0.5 -0.4 1   0.19380E+01
1 1 0.5 -1 0.4   0.62128E+00
1 1 0.5 -0.6 0   0.60981E+00
1 1 0.5 -0.6 -0.2   0.87859E+00
1 1 1 0 0.2   0.47281E+01
1 1 1 -0.2 0.2   0.45965E+01
1 1 0 -0.4 1   0.39310E+01
1 1 0.5 -0.2 -0.6   0.21490E+01
1 2.0 -1 0 0   0.49895E+02
0.0001 1 0 -0.2 0.2   0.18821E+01
1 2.5 0 0 0   0.47467E+02
1 1 0.5 -0.2 1   0.19035E+01
1 1 0.5 -0.8 0.4   0.61770E+00
1 1 0.5 -0.4 0   0.65139E+00
1 1 0.5 -0.4 -0.2   0.93813E+00
1 1 1 0 0   0.52259E+01
1 1 1 0 0   0.52259E+01
1 1 0 -0.2 1   0.37984E+01
1 1 0.5 1 -0.4   0.20737E+01
1 2.0 -0 0 0   0.18227E+02
1 1 0 1 -1   0.27637E+01
1 2.5 0 0 0   0.47529E+02
1 1 0.5 1 0.8   0.12572E+01
1 1 0.5 -0.6 0.4   0.61754E+00
1 1 0.5 -0.2 0   0.69671E+00
1 1 0.5 -0.2 -0.2   0.10010E+01
1 1 1 0 -1   0.10389E+02
1 1 0 1 0.8   0.22117E+01
1 1 1 1 -1   0.11648E+02
1 1 0.5 0.8 -0.4   0.19639E+01
1 1 0 0.8 -0.8   0.19191E+01
1 2.0 1 0 0   0.46394E+01
2.4 0.5 0 0 0   0.75838E-01
1 1 0.5 0.8 0.8   0.12473E+01
1 1 0.5 -0.4 0.4   0.62137E+00
1 1 0.5 1 -1   0.49240E+01
1 1 0.5 -0.6 -1   0.37629E+01
1 1 1 0 -0.8   0.89786E+01
1 1 0 0.8 0.8   0.22998E+01
1 1 1 0.8 -0.8   0.99046E+01
1 2.0 2 0 0   0.91755E+01
1 1 0.5 0.6 -0.4   0.18545E+01
1 1 0 0.6 -0.6   0.13143E+01
2.4 1.0 0 0 0   0.35115E+00
1 1 0.5 0.6 0.8   0.12497E+01
1 1 0.5 -0.2 0.4   0.63336E+00
1 1 0.5 -0.4 -1   0.38994E+01
1 1 0.5 0.8 -1   0.47704E+01
1 1 1 0 -0.6   0.77784E+01
1 1 0 0.6 0.8   0.24027E+01
1 1 1 0.6 -0.6   0.84134E+01
1 2.0 3 0 0   0.31909E+02
1 1 0 0.4 -0.4   0.92132E+00
1 1 0.5 0.4 -0.4   0.17572E+01
1 1 0.5 0.4 0.8   0.12495E+01
2.4 1.5 0 0 0   0.26567E+01
1 1 0.5 1 0.2   0.84725E+00
1 1 0.5 -0.2 -1   0.40272E+01
1 1 0.5 0.6 -1   0.46075E+01
1 1 1 0 -0.4   0.67325E+01
1 1 0 0.4 0.8   0.25046E+01
1 1 1 0.4 -0.4   0.71155E+01
1 1 0.5 0.2 -0.4   0.16591E+01
1 1.5 -3 0 0   0.12255E+03
1 1 0 0.2 -0.2   0.75201E+00
1 1 0.5 0.2 0.8   0.12578E+01
2.4 2.0 0 0 0   0.11139E+02
1 1 0.5 0.8 0.2   0.78827E+00
1 1 0.5 0.4 -1   0.44496E+01
1 1 0.5 1 -0.8   0.37919E+01
1 1 1 0 -0.2   0.58861E+01
1 1 1 0.2 -0.2   0.60577E+01
1 1 0 0.2 0.8   0.26083E+01
1 1 0.5 0 -0.4   0.15687E+01
1 1.5 -2 0 0   0.65389E+02
1 1 0 0 0   0.80431E+00
1 1 0.5 0 0.8   0.12738E+01
2.4 2.5 0 0 0   0.32379E+02
1 1 0.5 0.6 0.2   0.73566E+00
1 1 0.5 0.2 -1   0.43072E+01
1 1 0.5 0.8 -0.8   0.36494E+01
1 1 1.5 0 0.8   0.11970E+02
1 1 1.5 -0.8 0.8   0.11288E+02
1 1 0 0 0.8   0.27236E+01
1 1 0.5 -1 -0.4   0.11947E+01
1 1 0.5 -1 0.8   0.14208E+01
1 1 0 -1 1   0.43887E+01
1 1.5 -1 0 0   0.26186E+02
5 2.5 0 0 0   0.15953E+02
1 1 0.5 0.4 0.2   0.68628E+00
1 1 0.5 0 -1   0.41574E+01
1 1 0.5 0.6 -0.8   0.35027E+01
1 1 1.5 0 0.6   0.12248E+02
1 1 1.5 -0.6 0.6   0.11677E+02
1 1 0 -1 0.8   0.33607E+01
1 1 0.5 -0.8 -0.4   0.12575E+01
1 1 0.5 -0.8 0.8   0.13837E+01
1 1 0 -0.8 0.8   0.32288E+01
1 1.5 -0 0 0   0.51449E+01
5 0.5 0 0 0   0.63752E+00
1 1 0.5 0.2 0.2   0.64419E+00
1 1 0.5 -1 -1   0.35318E+01
1 1 0.5 0.4 -0.8   0.33750E+01
1 1 1.5 0 0.4   0.12737E+02
1 1 1.5 -0.4 0.4   0.12316E+02
1 1 0 -0.8 0.8   0.32298E+01
1 1 0.5 -0.6 0.8   0.13502E+01
1 1 0.5 -0.6 -0.4   0.13296E+01
1 1 0 -0.6 0.6   0.22904E+01
1 1.5 1 0 0   0.22346E+01
5 1.0 0 0 0   0.13798E+01
1 1 0.5 0 0.2   0.60634E+00
1 1 0.5 -0.8 -1   0.36490E+01
1 1 0.5 0.2 -0.8   0.32448E+01
1 1 1.5 0 0.2   0.13389E+02
1 1 0.5 -0.4 0.8   0.13188E+01
1 1 1.5 -0.2 0.2   0.13159E+02
1 1 0 -0.6 0.8   0.30953E+01
1 1 0.5 -0.4 -0.4   0.14042E+01
1 1 0 -0.4 0.4   0.15731E+01
1 1.5 2 0 0   0.17450E+02
1 1 0.5 -1 0.2   0.49257E+00
5 1.5 0 0 0   0.22293E+01
1 1 0.5 0 -0.8   0.31184E+01
1 1 0.5 -0.2 0.8   0.12958E+01
1 1 1.5 0 0   0.14218E+02
1 1 1.5 0 0   0.14218E+02
1 1 0 -0.4 0.8   0.29691E+01
1 1 0 -0.2 0.2   0.10782E+01
1 1.5 3 0 0   0.50768E+02
1 1 0.5 -0.8 0.2   0.50527E+00
5 2.0 0 0 0   0.55196E+01
1 1 0.5 -1 -0.8   0.25715E+01
1 1 0.5 1 0.6   0.93579E+00
1 1 1.5 0 -1   0.21125E+02
1 1 1.5 1 -1   0.22877E+02
1 1 0 -0.2 0.8   0.28438E+01
2.4 1 0 1 -1   0.43480E+01
1 1.0 -3 0 0   0.96357E+02
1 1 0.5 -0.6 0.2   0.52136E+00
5 2.5 0 0 0     0.15974E+02
1 1 0.5 -0.8 -0.8   0.26641E+01
1 1 0.5 0.8 0.6   0.91274E+00
1 1 1.5 0 -0.8   0.19344E+02
1 1 1.5 0.8 -0.8   0.20663E+02
1 1 0 1 0.6   0.15435E+01
2.4 1 0 0.8 -0.8   0.29567E+01
1 1 0.5 -0.4 0.2   0.54442E+00
1 1.0 -2 0 0   0.46257E+02
10 2.5 0 0 0   0.27167E+02
1 1 0.5 -0.6 -0.8   0.27695E+01
1 1 0.5 0.6 0.6   0.89774E+00
1 1 1.5 0 -0.6   0.17788E+02
1 1 1.5 0.6 -0.6   0.18719E+02
1 1 0 0.8 0.6   0.16198E+01
2.4 1 0 0.6 -0.6   0.18685E+01
1 1.0 -1 0 0   0.14500E+02
10 0.5 0 0 0   0.34269E+01
1 1 0.5 -0.4 -0.8   0.28881E+01
1 1 0.5 0.4 0.6   0.88109E+00
1 1 1.5 0 -0.4   0.16452E+02
1 1 1.5 0.4 -0.4   0.17032E+02
1 1 0 0.6 0.6   0.17037E+01
2.4 1 0 0.4 -0.4   0.10684E+01
1 1.0 -0 0 0   0.80544E+00
10 1.0 0 0 0   0.10203E+02
1 1 0.5 0.2 0.6   0.87555E+00
1 1 0.5 -0.2 -0.8   0.29958E+01
1 1 1.5 0 -0.2   0.15225E+02
1 1 1.5 0.2 -0.2   0.15495E+02
1 1 0 0.4 0.6   0.17864E+01
2.4 1 0 0.2 -0.2   0.56203E+00
1 1.0 1 0 0   0.52133E+01
1 1 0.5 0 0.6   0.87037E+00
1 1 0.5 1 -0.6   0.28488E+01
10 1.5 0 0 0   0.16801E+02
1 1 2 0 0.8   0.24166E+02
1 1 2 -0.8 0.8   0.23088E+02
1 1 0 0.2 0.6   0.18801E+01
2.4 1 0 0 0   0.35094E+00
1 1.0 2 0 0   0.27803E+02
1 1 0.5 -1 0.6   0.93271E+00
10 2.0 0 0 0   0.22087E+02
1 1 2 0 0.6   0.24770E+02
1 1 2 -0.6 0.6   0.23904E+02
1 1 0 0 0.6   0.19724E+01
2.4 1 0 -1 1   0.37046E+01
1 1.0 3 0 0   0.68476E+02
1 1 0.5 -0.8 0.6   0.91067E+00
10 2.5 0 0 0   0.27194E+02
1 1 2 -0.4 0.4   0.24980E+02
1 1 2 0 0.4   0.25598E+02
1 1 0 -1 0.6   0.25313E+01
2.4 1 0 -0.8 0.8   0.24527E+01
1 0.5 -3 0 0   0.83651E+02
1 1 2 0 0.2   0.26611E+02
1 1 2 -0.2 0.2   0.26281E+02
15 2.5 0 0 0   0.94817E+02
1 1 0 -0.8 0.6   0.24095E+01
2.4 1 0 -0.6 0.6   0.14843E+01
1 0.5 -2 0 0   0.37645E+02
1 1 2 0 0   0.27764E+02
1 1 2 0 0   0.27764E+02
15 0.5 0 0 0   0.84757E+01
1 1 0 -0.6 0.6   0.22894E+01
2.4 1 0 -0.4 0.4   0.81091E+00
1 0.5 -1 0 0   0.97481E+01
1 1 2 1 -1   0.38622E+02
1 1 2 0 -1   0.36378E+02
15 1.0 0 0 0   0.28021E+02
1 1 0 -0.4 0.6   0.21783E+01
2.4 1 0 -0.2 0.2   0.43450E+00
1 0.5 -0 0 0   0.25521E-01
1 1 2 0.8 -0.8   0.36007E+02
1 1 2 0 -0.8   0.34292E+02
15 1.5 0 0 0   0.51665E+02
1 1 0 -0.2 0.6   0.20699E+01
5 1 0 1 -1   0.11931E+02
1 0.5 1 0 0   0.84302E+01
1 1 2 0.6 -0.6   0.33643E+02
1 1 2 0 -0.6   0.32416E+02
15 2.0 0 0 0   0.74608E+02
1 1 0 1 0.4   0.10631E+01
5 1 0 0.8 -0.8   0.88476E+01
1 0.5 2 0 0   0.34988E+02
1 1 2 0.4 -0.4   0.31479E+02
1 1 2 0 -0.4   0.30701E+02
1 1 0 0.8 0.4   0.11206E+01
15 2.5 0 0 0    0.94771E+02
5 1 0 0.6 -0.6   0.62591E+01
1 1 2 0 -0.2   0.29154E+02
1 1 2 0.2 -0.2   0.29524E+02
1 1 0 0.6 0.4   0.11847E+01
-1 2.5 0 0 0   0.76908E+02
5 1 0 0.4 -0.4   0.41467E+01
1 1 2.5 0 0.8   0.40808E+02
1 1 2.5 -0.8 0.8   0.39336E+02
1 1 0 0.4 0.4   0.12496E+01
-1 0.5 0 0 0   0.25994E+00
5 1 0 0.2 -0.2   0.25212E+01
1 1 2.5 0 0.6   0.41780E+02
1 1 2.5 -0.6 0.6   0.40616E+02
1 1 0 0.2 0.4   0.13252E+01
-1 1.0 0 0 0   0.26810E+01
5 1 0 0 0   0.13819E+01
1 1 2.5 -0.4 0.4   0.42153E+02
1 1 2.5 0 0.4   0.42969E+02
1 1 0 0 0.4   0.14016E+01
-1 1.5 0 0 0   0.11466E+02
5 1 0 -1 1   0.29338E+01
1 1 2.5 -0.2 0.2   0.43812E+02
1 1 2.5 0 0.2   0.44239E+02
1 1 0 -1 0.4   0.18687E+01
-1 2.0 0 0 0   0.33211E+02
5 1 0 -0.8 0.8   0.16502E+01
1 1 2.5 0 0   0.45824E+02
1 1 2.5 0 0   0.45824E+02
1 1 0 -0.8 0.4   0.17663E+01
5 1 0 -0.6 0.6   0.85527E+00
-1 2.5 0 0 0  0.76678E+02
1 1 2.5 1 -1   0.58989E+02
1 1 2.5 0 -1   0.56249E+02
1 1 0 -0.6 0.4   0.16694E+01
5 1 0 -0.4 0.4   0.54731E+00
-1 2.5 0 0 0   0.76726E+02
1 1 2.5 0 -0.8   0.53750E+02
1 1 2.5 0.8 -0.8   0.55861E+02
1 1 0 -0.4 0.4   0.15731E+01
5 1 0 -0.2 0.2   0.72179E+00
-2.4 0.5 0 0 0   0.63848E+00
1 1 2.5 0 -0.6   0.51512E+02
1 1 2.5 0.6 -0.6   0.53036E+02
1 1 0 -0.2 0.4   0.14847E+01
-1 1 0 1 -1   0.35006E+01
-2.4 1.0 0 0 0   0.48437E+01
