1. 1. 0 0.2 -0.20 0.002585 1.259e-06
1. 1. 0 0.6 -0.60 0.002558 1.506e-06
1. 1. 0 1. -1.0 0.004559 2.232e-06
1. 1. 1. -1. 1.0 0.006503 3.098e-06
1. 1. 1. -0.6 0.60 0.009381 4.522e-06
1. 1. 1. -0.2 0.20 0.01428 6.712e-06
1. 1. 1. 0.2 -0.20 0.02123 1.01e-05
1. 1. 1. 0.6 -0.60 0.03019 1.43e-05
1. 1. 1. 1. -1.0 0.04119 1.945e-05
1. 1. 2. -1. 1.0 0.06456 2.998e-05
1. 1. 0 -0.6 0.20 0.005458 2.608e-06
1. 1. 2. -0.6 0.60 0.07646 3.64e-05
1. 1. 2. -0.2 0.20 0.09036 4.305e-05
1. 1. 2. 0.2 -0.20 0.1063 5.062e-05
1. 1. 2. 0.6 -0.60 0.1242 5.91e-05
1. 1. 2. 1. -1.0 0.1442 6.845e-05
1. 1. 3. -1. 1.0 0.1891 9.01e-05
1. 1. 3. -0.6 0.60 0.21 0.0001001
1. 1. 3. -0.2 0.20 0.2329 0.0001109
1. 1. 3. 0.2 -0.20 0.2578 0.0001228
1. 1. 0 -0.6 0.60 0.008733 4.118e-06
1. 1. 3. 1. -1.0 0.3137 0.0001492
-2.4 1 0 -1. 1.0 0.02798 1.312e-05
-2.4 1 0 -0.6 0.60 0.02672 1.255e-05
-2.4 1 0 -0.2 0.20 0.02587 1.229e-05
-2.4 1 0 0.2 -0.20 0.02544 1.199e-05
-2.4 1 0 0.6 -0.60 0.02542 1.187e-05
-2.4 1 0 1. -1.0 0.02581 1.204e-05
0.0001 1 0 -1. 1.0 0.01818 8.54e-06
0.0001 1 0 -0.6 0.60 0.0129 6.068e-06
0.0001 1 0 -0.2 0.20 0.008867 4.229e-06
1. 1. 0 -0.6 1.0 0.01326 6.242e-06
0.0001 1 0 0.2 -0.20 0.006096 2.89e-06
0.0001 1 0 0.6 -0.60 0.004581 2.182e-06
0.0001 1 0 1. -1.0 0.004321 2.093e-06
1 1 0 -1. 1.0 0.01485 6.983e-06
1 1 0 -0.6 0.60 0.008733 4.118e-06
1 1 0 -0.2 0.20 0.004644 2.23e-06
1 1 0 0.2 -0.20 0.002585 1.259e-06
1 1 0 0.6 -0.60 0.002558 1.506e-06
1 1 0 1. -1.0 0.004559 2.232e-06
2.4 1 0 -1. 1.0 0.01094 5.162e-06
1. 1. 0 -0.2 -1.0 0.00333 1.641e-06
2.4 1 0 -0.6 0.60 0.004484 2.15e-06
2.4 1 0 -0.2 0.20 0.00156 7.808e-07
2.4 1 0 0.2 -0.20 0.002167 1.105e-06
2.4 1 0 0.6 -0.60 0.006305 2.986e-06
2.4 1 0 1. -1.0 0.01397 6.575e-06
-15 1 0 -1. 1.0 0.1216 5.768e-05
-15 1 0 -0.6 0.60 0.1882 8.93e-05
-15 1 0 -0.2 0.20 0.2743 0.0001303
-15 1 0 0.2 -0.20 0.3799 0.0001804
-15 1 0 0.6 -0.60 0.505 0.0002401
1. 1. 0 -0.2 -0.60 0.002512 1.234e-06
-15 1 0 1. -1.0 0.6495 0.0003087
-10 1 0 -1. 1.0 0.07597 3.703e-05
-10 1 0 -0.6 0.60 0.1062 5.032e-05
-10 1 0 -0.2 0.20 0.1437 6.826e-05
-10 1 0 0.2 -0.20 0.1884 8.932e-05
-10 1 0 0.6 -0.60 0.2402 0.0001136
-10 1 0 1. -1.0 0.2993 0.0001414
-5 1 0 -1. 1.0 0.0415 1.944e-05
-5 1 0 -0.6 0.60 0.04782 2.252e-05
-5 1 0 -0.2 0.20 0.05525 2.621e-05
1. 1. 0 -0.2 -0.20 0.00295 1.425e-06
-5 1 0 0.2 -0.20 0.0638 3.014e-05
-5 1 0 0.6 -0.60 0.07345 3.443e-05
-5 1 0 1. -1.0 0.08423 3.935e-05
0.0001 1 0 -1. 1.0 0.01818 8.54e-06
0.0001 1 0 -0.6 0.60 0.0129 6.068e-06
0.0001 1 0 -0.2 0.20 0.008867 4.229e-06
0.0001 1 0 0.2 -0.20 0.006096 2.89e-06
0.0001 1 0 0.6 -0.60 0.004581 2.182e-06
0.0001 1 0 1. -1.0 0.004321 2.093e-06
5 1 0 -1. 1.0 0.005998 2.875e-06
1. 1. 0 -0.2 0.20 0.004644 2.23e-06
5 1 0 -0.6 0.60 0.001486 7.453e-07
5 1 0 -0.2 0.20 0.004589 2.257e-06
5 1 0 0.2 -0.20 0.0153 7.228e-06
5 1 0 0.6 -0.60 0.03363 1.579e-05
5 1 0 1. -1.0 0.05958 2.789e-05
10 1 0 -1. 1.0 0.004963 3.03e-06
10 1 0 -0.6 0.60 0.01359 6.406e-06
10 1 0 -0.2 0.20 0.04241 2.018e-05
10 1 0 0.2 -0.20 0.09142 4.332e-05
10 1 0 0.6 -0.60 0.1606 7.556e-05
1. 1. 0 -0.2 0.60 0.007594 3.592e-06
10 1 0 1. -1.0 0.25 0.0001173
15 1 0 -1. 1.0 0.01506 7.138e-06
15 1 0 -0.6 0.60 0.0492 2.307e-05
15 1 0 -0.2 0.20 0.1223 5.819e-05
15 1 0 0.2 -0.20 0.2344 0.0001114
15 1 0 0.6 -0.60 0.3855 0.000182
15 1 0 1. -1.0 0.5756 0.000271
1 0.5 -3. 0 00 0.3057 0.0001458
1 0.5 -2. 0 00 0.1374 6.553e-05
1 0.5 -1. 0 00 0.03553 1.697e-05
1. 1. 0 -0.2 1.0 0.0118 5.575e-06
1 0.5 0 0 00 9.666e-05 4.954e-08
1 0.5 1. 0 00 0.03108 1.479e-05
1 0.5 2. 0 00 0.1285 6.116e-05
1 0.5 3. 0 00 0.2923 0.0001392
1 1. -3. 0 00 0.3595 0.0001714
1 1. -2. 0 00 0.1744 8.318e-05
1 1. -1. 0 00 0.05564 2.658e-05
1 1. 1. 0 00 0.0175 8.337e-06
1 1. 2. 0 00 0.09807 4.673e-05
1. 1. 0 0.2 -1.0 0.003617 1.947e-06
1. 1. 0 -1. -1.0 0.003133 1.507e-06
1 1. 3. 0 00 0.2451 0.0001167
1 1. -3. 0 00 0.3595 0.0001714
1 1. -2. 0 00 0.1744 8.318e-05
1 1. -1. 0 00 0.05564 2.658e-05
1 1. 2. 0 00 0.09807 4.673e-05
1 1. 3. 0 00 0.2451 0.0001167
1 2. -3. 0 00 0.6699 0.0003195
1 2. -2. 0 00 0.4072 0.0001945
1. 1. 0 0.2 -0.60 0.002472 1.255e-06
1 2. -1. 0 00 0.211 0.0001009
1 2. 0 0 00 0.08119 3.9e-05
1 2. 1. 0 00 0.0178 9.985e-06
1 2. 2. 0 00 0.02083 1.007e-05
1 2. 3. 0 00 0.0903 4.362e-05
1 2. -3. 0 00 0.6699 0.0003195
1 2. -2. 0 00 0.4072 0.0001945
1 2. -1. 0 00 0.211 0.0001009
1 2. 0 0 00 0.08119 3.9e-05
1 2. 1. 0 00 0.0178 9.985e-06
1. 1. 0 0.2 -0.20 0.002585 1.259e-06
1 2. 2. 0 00 0.02083 1.007e-05
1 2. 3. 0 00 0.0903 4.362e-05
-2.4 0.5 0 0 00 0.003517 1.667e-06
-2.4 1.5 0 0 00 0.09181 4.359e-05
-2.4 2. 0 0 00 0.2387 0.0001133
-2.4 2.5 0 0 00 0.5138 0.0002441
1 0.5 0 0 00 9.666e-05 4.954e-08
1 1. 0 0 00 0.003361 1.633e-06
1 1.5 0 0 00 0.0225 1.084e-05
1. 1. 0 0.2 0.20 0.003954 1.912e-06
1 2. 0 0 00 0.08119 3.9e-05
1 2.5 0 0 00 0.2141 0.0001027
2.4 0.5 0 0 00 0.0004936 2.306e-07
2.4 1. 0 0 00 0.001421 7.072e-07
2.4 1.5 0 0 00 0.0102 5.092e-06
2.4 2. 0 0 00 0.04521 2.223e-05
2.4 2.5 0 0 00 0.1359 6.59e-05
-15 0.5 0 0 00 0.07035 3.345e-05
-15 1. 0 0 00 0.3246 0.0001542
-15 1.5 0 0 00 0.8361 0.0003969
1. 1. 0 0.2 0.60 0.006579 3.128e-06
-15 2. 0 0 00 1.689 0.0008015
-15 2.5 0 0 00 2.978 0.001413
-10 0.5 0 0 00 0.03362 1.597e-05
-10 1. 0 0 00 0.1652 7.84e-05
-10 1.5 0 0 00 0.4489 0.000214
-10 2. 0 0 00 0.9502 0.0004504
-10 2.5 0 0 00 1.745 0.0008268
-5 0.5 0 0 00 0.01032 4.9e-06
-5 1. 0 0 00 0.05939 2.815e-05
-5 1.5 0 0 00 0.1826 8.649e-05
1. 1. 0 0.2 1.0 0.01046 4.958e-06
-5 2. 0 0 00 0.4262 0.000202
-5 2.5 0 0 00 0.8477 0.0004021
0.0001 0.5 0 0 00 0.0004577 2.188e-07
0.0001 1. 0 0 00 0.007325 3.501e-06
0.0001 1.5 0 0 00 0.03708 1.773e-05
0.0001 2. 0 0 00 0.1172 5.602e-05
0.0001 2.5 0 0 00 0.2861 0.0001368
5 0.5 0 0 00 0.004024 1.919e-06
5 1. 0 0 00 0.008996 4.201e-06
5 1.5 0 0 00 0.0125 6.06e-06
1. 1. 0 0.6 -1.0 0.004026 1.995e-06
5 2. 0 0 00 0.02311 1.147e-05
5 2.5 0 0 00 0.06041 3.096e-05
10 0.5 0 0 00 0.02102 1.002e-05
10 1. 0 0 00 0.06439 3.07e-05
10 1.5 0 0 00 0.1088 5.185e-05
10 2. 0 0 00 0.1439 6.721e-05
10 2.5 0 0 00 0.1705 7.999e-05
15 0.5 0 0 00 0.05145 2.454e-05
15 1. 0 0 00 0.1735 8.273e-05
15 1.5 0 0 00 0.326 0.0001554
1. 1. 0 0.6 -0.60 0.002558 1.506e-06
15 2. 0 0 00 0.4796 0.0002285
15 2.5 0 0 00 0.6162 0.0002929
1. 1. 0 0.6 -0.20 0.002345 1.134e-06
1. 1. 0 0.6 0.20 0.003389 1.663e-06
1. 1. 0 0.6 0.60 0.005689 2.723e-06
1. 1. 0 -1. -0.60 0.002965 1.422e-06
1. 1. 0 0.6 1.0 0.009245 4.399e-06
1. 1. 0 1. -1.0 0.004559 2.232e-06
1. 1. 0 1. -0.60 0.002767 1.381e-06
1. 1. 0 1. -0.20 0.002229 1.089e-06
1. 1. 0 1. 0.20 0.002948 1.444e-06
1. 1. 0 1. 0.60 0.004923 2.382e-06
1. 1. 0 1. 1.0 0.008154 3.901e-06
1. 1. -3. 0 -1.0 0.3082 0.000147
1. 1. -3. 0 -0.60 0.3278 0.0001563
1. 1. -3. 0 -0.20 0.3486 0.0001662
1. 1. 0 -1. -0.20 0.004053 1.927e-06
1. 1. -3. 0 0.20 0.3707 0.0001767
1. 1. -3. 0 0.60 0.394 0.0001878
1. 1. -3. 0 1.0 0.4186 0.0001996
1. 1. -2. 0 -1.0 0.1402 6.687e-05
1. 1. -2. 0 -0.60 0.1529 7.294e-05
1. 1. -2. 0 -0.20 0.1669 7.961e-05
1. 1. -2. 0 0.20 0.1821 8.687e-05
1. 1. -2. 0 0.60 0.1986 9.468e-05
1. 1. -2. 0 1.0 0.2163 0.0001031
1. 1. -1. 0 -1.0 0.03863 1.844e-05
1. 1. 0 -1. 0.20 0.006396 3.045e-06
1. 1. -1. 0 -0.60 0.04449 2.123e-05
1. 1. -1. 0 -0.20 0.05161 2.465e-05
1. 1. -1. 0 0.20 0.05999 2.865e-05
1. 1. -1. 0 0.60 0.06962 3.32e-05
1. 1. -1. 0 1.0 0.08051 3.829e-05
1. 1. 0 0 -1.0 0.003458 1.693e-06
1. 1. 0 0 -0.60 0.002478 1.236e-06
1. 1. 0 0 -0.20 0.002752 1.341e-06
1. 1. 0 0 0.20 0.004283 2.064e-06
1. 1. 0 0 0.60 0.007071 3.353e-06
1. 1. 0 -1. 0.60 0.009996 4.704e-06
1. 1. 0 0 1.0 0.01111 5.263e-06
1. 1. 1. 0 -1.0 0.03471 1.644e-05
1. 1. 1. 0 -0.60 0.02689 1.277e-05
1. 1. 1. 0 -0.20 0.02032 9.679e-06
1. 1. 1. 0 0.20 0.015 7.144e-06
1. 1. 1. 0 0.60 0.01094 5.084e-06
1. 1. 1. 0 1.0 0.008141 3.846e-06
1. 1. 2. 0 -1.0 0.1324 6.298e-05
1. 1. 2. 0 -0.60 0.1177 5.606e-05
1. 1. 2. 0 -0.20 0.1043 4.97e-05
1. 1. 0 -1. 1.0 0.01485 6.983e-06
1. 1. 2. 0 0.20 0.09215 4.389e-05
1. 1. 2. 0 0.60 0.08125 3.864e-05
1. 1. 2. 0 1.0 0.0716 3.404e-05
1. 1. 3. 0 -1.0 0.2965 0.0001412
1. 1. 3. 0 -0.60 0.275 0.000131
1. 1. 3. 0 -0.20 0.2547 0.0001213
1. 1. 3. 0 0.20 0.2357 0.0001122
1. 1. 3. 0 0.60 0.218 0.0001038
1. 1. 3. 0 1.0 0.2015 9.591e-05
1. 1. -3. -1. 1.0 0.4384 0.0002087
1. 1. 0 -0.6 -1.0 0.00317 1.748e-06
1. 1. -3. -0.6 0.60 0.4053 0.0001932
1. 1. -3. -0.2 0.20 0.3742 0.0001784
1. 1. -3. 0.2 -0.20 0.3452 0.0001647
1. 1. -3. 0.6 -0.60 0.3182 0.0001519
1. 1. -3. 1. -1.0 0.2932 0.00014
1. 1. -2. -1. 1.0 0.2308 0.0001097
1. 1. -2. -0.6 0.60 0.2067 9.85e-05
1. 1. -2. -0.2 0.20 0.1846 8.801e-05
1. 1. -2. 0.2 -0.20 0.1646 7.855e-05
1. 1. -2. 0.6 -0.60 0.1466 7e-05
1. 1. 0 -0.6 -0.60 0.002676 1.271e-06
1. 1. -2. 1. -1.0 0.1306 6.235e-05
1. 1. -1. -1. 1.0 0.08962 4.252e-05
1. 1. -1. -0.6 0.60 0.07451 3.547e-05
1. 1. -1. -0.2 0.20 0.06142 2.933e-05
1. 1. -1. 0.2 -0.20 0.05037 2.408e-05
1. 1. -1. 0.6 -0.60 0.04134 1.978e-05
1. 1. -1. 1. -1.0 0.03434 1.607e-05
1. 1. 0 -1. 1.0 0.01485 6.983e-06
1. 1. 0 -0.6 0.60 0.008733 4.118e-06
1. 1. 0 -0.2 0.20 0.004644 2.23e-06
1. 1. 0 -0.6 -0.20 0.003439 1.645e-06
