1. 1. 0 0.2 -0.20 0.4846 0.0002282
1. 1. 0 0.6 -0.60 0.9233 0.0004825
1. 1. 0 1. -1.0 1.982 0.00104
1. 1. 1. -1. 1.0 3.122 0.001601
1. 1. 1. -0.6 0.60 2.756 0.001349
1. 1. 1. -0.2 0.20 3.01 0.001424
1. 1. 1. 0.2 -0.20 3.884 0.001784
1. 1. 1. 0.6 -0.60 5.379 0.002536
1. 1. 1. 1. -1.0 7.494 0.00356
1. 1. 2. -1. 1.0 14.88 0.007096
1. 1. 0 -0.6 0.20 0.7523 0.0003612
1. 1. 2. -0.6 0.60 15.57 0.007334
1. 1. 2. -0.2 0.20 16.87 0.007726
1. 1. 2. 0.2 -0.20 18.8 0.008649
1. 1. 2. 0.6 -0.60 21.35 0.009705
1. 1. 2. 1. -1.0 24.53 0.01148
1. 1. 3. -1. 1.0 38.15 0.01796
1. 1. 3. -0.6 0.60 39.89 0.01818
1. 1. 3. -0.2 0.20 42.26 0.01935
1. 1. 3. 0.2 -0.20 45.24 0.02081
1. 1. 3. 0.6 -0.60 48.85 0.02233
1. 1. 0 -0.6 0.60 1.468 0.00072
1. 1. 3. 1. -1.0 53.07 0.02407
-2.4 1 0 -1. 1.0 4.266 0.002073
-2.4 1 0 -0.6 0.60 3.416 0.001626
-2.4 1 0 -0.2 0.20 2.953 0.001405
-2.4 1 0 0.2 -0.20 2.877 0.001334
-2.4 1 0 0.6 -0.60 3.189 0.001497
-2.4 1 0 1. -1.0 3.886 0.001897
0.0001 1 0 -1. 1.0 3.229 0.001606
0.0001 1 0 -0.6 0.60 1.924 0.0009262
0.0001 1 0 -0.2 0.20 1.141 0.0005507
1. 1. 0 -0.6 1.0 2.706 0.001364
0.0001 1 0 0.2 -0.20 0.8816 0.0004128
0.0001 1 0 0.6 -0.60 1.145 0.0005726
0.0001 1 0 1. -1.0 1.932 0.001004
1 1 0 -1. 1.0 2.889 0.001446
1 1 0 -0.6 0.60 1.468 0.00072
1 1 0 -0.2 0.20 0.6662 0.0003214
1 1 0 0.2 -0.20 0.4846 0.0002282
1 1 0 0.6 -0.60 0.9233 0.0004825
1 1 0 1. -1.0 1.982 0.00104
2.4 1 0 -1. 1.0 2.503 0.001276
1. 1. 0 -0.2 -1.0 1.787 0.0009429
2.4 1 0 -0.6 0.60 0.9926 0.0005038
2.4 1 0 -0.2 0.20 0.278 0.0001359
2.4 1 0 0.2 -0.20 0.3587 0.0001741
2.4 1 0 0.6 -0.60 1.234 0.0006162
2.4 1 0 1. -1.0 2.906 0.001442
-15 1 0 -1. 1.0 14.76 0.007131
-15 1 0 -0.6 0.60 20.45 0.01005
-15 1 0 -0.2 0.20 28.04 0.01402
-15 1 0 0.2 -0.20 37.52 0.01743
-15 1 0 0.6 -0.60 48.9 0.02298
1. 1. 0 -0.2 -0.60 0.8899 0.0004605
-15 1 0 1. -1.0 62.17 0.03052
-10 1 0 -1. 1.0 9.581 0.004585
-10 1 0 -0.6 0.60 11.84 0.005785
-10 1 0 -0.2 0.20 14.95 0.007182
-10 1 0 0.2 -0.20 18.91 0.008748
-10 1 0 0.6 -0.60 23.73 0.01133
-10 1 0 1. -1.0 29.39 0.01397
-5 1 0 -1. 1.0 5.735 0.002758
-5 1 0 -0.6 0.60 5.666 0.002699
-5 1 0 -0.2 0.20 5.986 0.002797
1. 1. 0 -0.2 -0.20 0.5165 0.0002466
-5 1 0 0.2 -0.20 6.701 0.003098
-5 1 0 0.6 -0.60 7.81 0.003662
-5 1 0 1. -1.0 9.309 0.004835
0.0001 1 0 -1. 1.0 3.229 0.001606
0.0001 1 0 -0.6 0.60 1.924 0.0009262
0.0001 1 0 -0.2 0.20 1.141 0.0005507
0.0001 1 0 0.2 -0.20 0.8816 0.0004128
0.0001 1 0 0.6 -0.60 1.145 0.0005726
0.0001 1 0 1. -1.0 1.932 0.001004
5 1 0 -1. 1.0 2.064 0.001057
1. 1. 0 -0.2 0.20 0.6662 0.0003214
5 1 0 -0.6 0.60 0.6171 0.0003303
5 1 0 -0.2 0.20 0.414 0.0002003
5 1 0 0.2 -0.20 1.454 0.0006662
5 1 0 0.6 -0.60 3.738 0.001741
5 1 0 1. -1.0 7.266 0.003413
10 1 0 -1. 1.0 2.236 0.001174
10 1 0 -0.6 0.60 1.745 0.0008213
10 1 0 -0.2 0.20 3.806 0.001826
10 1 0 0.2 -0.20 8.419 0.003876
10 1 0 0.6 -0.60 15.59 0.007218
1. 1. 0 -0.2 0.60 1.339 0.0006617
10 1 0 1. -1.0 25.31 0.01171
15 1 0 -1. 1.0 3.748 0.001858
15 1 0 -0.6 0.60 5.308 0.002461
15 1 0 -0.2 0.20 11.32 0.005232
15 1 0 0.2 -0.20 21.78 0.01002
15 1 0 0.6 -0.60 36.69 0.01694
15 1 0 1. -1.0 56.05 0.02592
1 0.5 -3. 0 00 53.12 0.02437
1 0.5 -2. 0 00 23.9 0.01096
1 0.5 -1. 0 00 6.197 0.002844
1. 1. 0 -0.2 1.0 2.534 0.001288
1 0.5 0 0 00 0.01607 7.87e-06
1 0.5 1. 0 00 5.356 0.002458
1 0.5 2. 0 00 22.22 0.01018
1 0.5 3. 0 00 50.6 0.0232
1 1. -3. 0 00 61.01 0.02795
1 1. -2. 0 00 29.32 0.01344
1 1. -1. 0 00 9.146 0.004191
1 1. 0 0 00 0.4979 0.0002381
1 1. 1. 0 00 3.369 0.00156
1 1. 2. 0 00 17.76 0.008172
1. 1. 0 0.2 -1.0 1.841 0.0009734
1. 1. 0 -1. -1.0 1.716 0.0009138
1 1. 3. 0 00 43.67 0.02006
1 1. -3. 0 00 61.01 0.02795
1 1. -2. 0 00 29.32 0.01344
1 1. -1. 0 00 9.146 0.004191
1 1. 0 0 00 0.4979 0.0002381
1 1. 1. 0 00 3.369 0.00156
1 1. 2. 0 00 17.76 0.008172
1 1. 3. 0 00 43.67 0.02006
1 2. -3. 0 00 104.9 0.04936
1 2. -2. 0 00 62.12 0.02922
1. 1. 0 0.2 -0.60 0.9006 0.0004708
1 2. -1. 0 00 30.87 0.01456
1 2. 0 0 00 11.14 0.005272
1 2. 1. 0 00 2.923 0.001502
1 2. 2. 0 00 6.233 0.003017
1 2. 3. 0 00 21.06 0.009992
1 2. -3. 0 00 104.9 0.04936
1 2. -2. 0 00 62.12 0.02922
1 2. -1. 0 00 30.87 0.01456
1 2. 0 0 00 11.14 0.005272
1 2. 1. 0 00 2.923 0.001502
1. 1. 0 0.2 -0.20 0.4846 0.0002282
1 2. 2. 0 00 6.233 0.003017
1 2. 3. 0 00 21.06 0.009992
-2.4 0.5 0 0 00 0.3739 0.0001749
-2.4 1. 0 0 00 2.867 0.001342
-2.4 1.5 0 0 00 10.6 0.004968
-2.4 2. 0 0 00 28.11 0.01319
-2.4 2.5 0 0 00 61.37 0.0288
1 0.5 0 0 00 0.01607 7.87e-06
1 1. 0 0 00 0.4979 0.0002381
1 1.5 0 0 00 3.16 0.001501
1. 1. 0 0.2 0.20 0.5918 0.0002865
1 2. 0 0 00 11.14 0.005272
1 2.5 0 0 00 28.98 0.0137
2.4 0.5 0 0 00 0.04288 1.971e-05
2.4 1. 0 0 00 0.2188 0.0001069
2.4 1.5 0 0 00 1.663 0.0007868
2.4 2. 0 0 00 6.93 0.003248
2.4 2.5 0 0 00 20 0.009544
-15 0.5 0 0 00 6.924 0.003245
-15 1. 0 0 00 32.54 0.01553
-15 1.5 0 0 00 85.19 0.04117
1. 1. 0 0.2 0.60 1.222 0.0006086
-15 2. 0 0 00 174.6 0.08176
-15 2.5 0 0 00 312 0.1498
-10 0.5 0 0 00 3.34 0.001565
-10 1. 0 0 00 16.83 0.008133
-10 1.5 0 0 00 46.73 0.02245
-10 2. 0 0 00 100.7 0.04714
-10 2.5 0 0 00 187.9 0.08794
-5 0.5 0 0 00 1.052 0.0005083
-5 1. 0 0 00 6.295 0.002946
-5 1.5 0 0 00 19.93 0.009324
1. 1. 0 0.2 1.0 2.375 0.00122
-5 2. 0 0 00 47.57 0.02226
-5 2.5 0 0 00 96.26 0.04505
0.0001 0.5 0 0 00 0.05912 2.789e-05
0.0001 1. 0 0 00 0.9459 0.0004463
0.0001 1.5 0 0 00 4.789 0.00226
0.0001 2. 0 0 00 15.13 0.007141
0.0001 2.5 0 0 00 36.95 0.01743
5 0.5 0 0 00 0.3621 0.0001689
5 1. 0 0 00 0.779 0.0003576
5 1.5 0 0 00 1.31 0.0008649
1. 1. 0 0.6 -1.0 1.906 0.001002
5 2. 0 0 00 3.432 0.00185
5 2.5 0 0 00 10.04 0.004919
10 0.5 0 0 00 1.961 0.0009172
10 1. 0 0 00 5.794 0.002703
10 1.5 0 0 00 9.492 0.005084
10 2. 0 0 00 12.46 0.005722
10 2.5 0 0 00 15.53 0.007159
15 0.5 0 0 00 4.855 0.002274
15 1. 0 0 00 15.99 0.007477
15 1.5 0 0 00 29.33 0.01368
1. 1. 0 0.6 -0.60 0.9233 0.0004825
15 2. 0 0 00 42.23 0.02103
15 2.5 0 0 00 53.41 0.03069
1. 1. 0 0.6 -0.20 0.4646 0.0002188
1. 1. 0 0.6 0.20 0.5292 0.000259
1. 1. 0 0.6 0.60 1.117 0.0005609
1. 1. 0 -1. -0.60 0.9038 0.0004626
1. 1. 0 0.6 1.0 2.228 0.001153
1. 1. 0 1. -1.0 1.982 0.00104
1. 1. 0 1. -0.60 0.9574 0.0004992
1. 1. 0 1. -0.20 0.4564 0.0002179
1. 1. 0 1. 0.20 0.4784 0.000249
1. 1. 0 1. 0.60 1.024 0.0005204
1. 1. 0 1. 1.0 2.091 0.001092
1. 1. -3. 0 -1.0 56.15 0.02624
1. 1. -3. 0 -0.60 57.7 0.02622
1. 1. -3. 0 -0.20 59.77 0.02732
1. 1. 0 -1. -0.20 0.6155 0.0002898
1. 1. -3. 0 0.20 62.37 0.02864
1. 1. -3. 0 0.60 65.49 0.02995
1. 1. -3. 0 1.0 69.14 0.03137
1. 1. -2. 0 -1.0 26.52 0.01244
1. 1. -2. 0 -0.60 27.25 0.01272
1. 1. -2. 0 -0.20 28.5 0.01299
1. 1. -2. 0 0.20 30.27 0.01389
1. 1. -2. 0 0.60 32.57 0.01481
1. 1. -2. 0 1.0 35.39 0.01606
1. 1. -1. 0 -1.0 8.402 0.004034
1. 1. 0 -1. 0.20 0.8502 0.0004072
1. 1. -1. 0 -0.60 8.307 0.003822
1. 1. -1. 0 -0.20 8.736 0.003975
1. 1. -1. 0 0.20 9.688 0.004438
1. 1. -1. 0 0.60 11.16 0.00524
1. 1. -1. 0 1.0 13.16 0.006232
1. 1. 0 0 -1.0 1.812 0.0009577
1. 1. 0 0 -0.60 0.8937 0.0004659
1. 1. 0 0 -0.20 0.499 0.0002342
1. 1. 0 0 0.20 0.6276 0.0003028
1. 1. 0 0 0.60 1.279 0.0006346
1. 1. 0 -1. 0.60 1.608 0.0007819
1. 1. 0 0 1.0 2.454 0.001252
1. 1. 1. 0 -1.0 6.743 0.003223
1. 1. 1. 0 -0.60 5.001 0.002301
1. 1. 1. 0 -0.20 3.783 0.001736
1. 1. 1. 0 0.20 3.087 0.001458
1. 1. 1. 0 0.60 2.916 0.00142
1. 1. 1. 0 1.0 3.267 0.001644
1. 1. 2. 0 -1.0 23.19 0.01059
1. 1. 2. 0 -0.60 20.63 0.009385
1. 1. 2. 0 -0.20 18.59 0.008553
1. 1. 0 -1. 1.0 2.889 0.001446
1. 1. 2. 0 0.20 17.07 0.007817
1. 1. 2. 0 0.60 16.07 0.007562
1. 1. 2. 0 1.0 15.6 0.007418
1. 1. 3. 0 -1.0 51.16 0.02323
1. 1. 3. 0 -0.60 47.77 0.02186
1. 1. 3. 0 -0.20 44.91 0.02067
1. 1. 3. 0 0.20 42.57 0.01948
1. 1. 3. 0 0.60 40.76 0.0191
1. 1. 3. 0 1.0 39.46 0.01849
1. 1. -3. -1. 1.0 71.31 0.03232
1. 1. 0 -0.6 -1.0 1.746 0.000918
1. 1. -3. -0.6 0.60 66.73 0.03047
1. 1. -3. -0.2 0.20 62.76 0.02881
1. 1. -3. 0.2 -0.20 59.41 0.02716
1. 1. -3. 0.6 -0.60 56.68 0.02579
1. 1. -3. 1. -1.0 54.58 0.02481
1. 1. -2. -1. 1.0 36.99 0.01725
1. 1. -2. -0.6 0.60 33.45 0.01519
1. 1. -2. -0.2 0.20 30.54 0.01401
1. 1. -2. 0.2 -0.20 28.25 0.01288
1. 1. -2. 0.6 -0.60 26.58 0.01208
1. 1. 0 -0.6 -0.60 0.891 0.0004601
1. 1. -2. 1. -1.0 25.52 0.01175
1. 1. -1. -1. 1.0 14.18 0.006699
1. 1. -1. -0.6 0.60 11.7 0.00548
1. 1. -1. -0.2 0.20 9.843 0.004502
1. 1. -1. 0.2 -0.20 8.605 0.003937
1. 1. -1. 0.6 -0.60 7.989 0.003679
1. 1. -1. 1. -1.0 7.993 0.003861
1. 1. 0 -1. 1.0 2.889 0.001446
1. 1. 0 -0.6 0.60 1.468 0.00072
1. 1. 0 -0.2 0.20 0.6662 0.0003214
1. 1. 0 -0.6 -0.20 0.5601 0.0002656
