1. 1. 0 0.6 -0.60 0.001685 8.254e-07
1. 1. 0 1. -1.0 0.003001 1.477e-06
1. 1. 1. -1. 1.0 0.004173 2.301e-06
1. 1. 1. -0.6 0.60 0.006228 2.999e-06
1. 1. 1. -0.2 0.20 0.00967 4.616e-06
1. 1. 1. 0.2 -0.20 0.0145 6.896e-06
1. 1. 1. 0.6 -0.60 0.02072 9.83e-06
1. 1. 1. 1. -1.0 0.02832 1.339e-05
1. 1. 2. -1. 1.0 0.04349 2.022e-05
1. 1. 0 -0.6 0.20 0.003796 1.818e-06
1. 1. 2. -0.6 0.60 0.05184 2.474e-05
1. 1. 2. -0.2 0.20 0.06157 2.937e-05
1. 1. 2. 0.2 -0.20 0.07269 3.464e-05
1. 1. 2. 0.6 -0.60 0.0852 4.053e-05
1. 1. 2. 1. -1.0 0.0991 4.707e-05
1. 1. 3. -1. 1.0 0.1283 6.122e-05
1. 1. 3. -0.6 0.60 0.1429 6.824e-05
1. 1. 3. -0.2 0.20 0.1589 7.583e-05
1. 1. 3. 0.2 -0.20 0.1763 8.406e-05
1. 1. 3. 0.6 -0.60 0.1951 9.294e-05
1. 1. 0 -0.6 0.60 0.006065 2.866e-06
1. 1. 3. 1. -1.0 0.2153 0.0001025
-2.4 1 0 -1. 1.0 0.01959 9.202e-06
-2.4 1 0 -0.6 0.60 0.01881 8.867e-06
-2.4 1 0 -0.2 0.20 0.01828 9.057e-06
-2.4 1 0 0.2 -0.20 0.01801 8.517e-06
-2.4 1 0 0.6 -0.60 0.018 8.436e-06
-2.4 1 0 1. -1.0 0.01825 8.547e-06
0.0001 1 0 -1. 1.0 0.01266 5.952e-06
0.0001 1 0 -0.6 0.60 0.00901 4.25e-06
0.0001 1 0 -0.2 0.20 0.006202 2.963e-06
1. 1. 0 -0.6 1.0 0.009176 4.332e-06
0.0001 1 0 0.2 -0.20 0.004234 2.013e-06
0.0001 1 0 0.6 -0.60 0.003108 1.483e-06
0.0001 1 0 1. -1.0 0.002822 1.368e-06
1 1 0 -1. 1.0 0.0103 4.846e-06
1 1 0 -0.6 0.60 0.006065 2.866e-06
1 1 0 -0.2 0.20 0.003217 1.549e-06
1 1 0 0.2 -0.20 0.001757 8.567e-07
1 1 0 0.6 -0.60 0.001685 8.254e-07
1 1 0 1. -1.0 0.003001 1.477e-06
2.4 1 0 -1. 1.0 0.007529 3.56e-06
1. 1. 0 -0.2 -1.0 0.002139 1.055e-06
2.4 1 0 -0.6 0.60 0.00307 1.474e-06
2.4 1 0 -0.2 0.20 0.001065 5.35e-07
2.4 1 0 0.2 -0.20 0.001514 8.49e-07
2.4 1 0 0.6 -0.60 0.004417 2.102e-06
2.4 1 0 1. -1.0 0.009776 4.617e-06
-15 1 0 -1. 1.0 0.08565 4.165e-05
-15 1 0 -0.6 0.60 0.1336 6.354e-05
-15 1 0 -0.2 0.20 0.1956 9.317e-05
-15 1 0 0.2 -0.20 0.2718 0.0001294
-15 1 0 0.6 -0.60 0.362 0.0001725
1. 1. 0 -0.2 -0.60 0.001658 8.157e-07
-15 1 0 1. -1.0 0.4663 0.0002224
-10 1 0 -1. 1.0 0.05348 2.659e-05
-10 1 0 -0.6 0.60 0.07531 3.575e-05
-10 1 0 -0.2 0.20 0.1023 4.875e-05
-10 1 0 0.2 -0.20 0.1346 6.398e-05
-10 1 0 0.6 -0.60 0.1721 8.177e-05
-10 1 0 1. -1.0 0.2147 0.0001018
-5 1 0 -1. 1.0 0.02914 1.37e-05
-5 1 0 -0.6 0.60 0.03378 1.599e-05
-5 1 0 -0.2 0.20 0.0392 1.864e-05
1. 1. 0 -0.2 -0.20 0.002017 9.77e-07
-5 1 0 0.2 -0.20 0.04542 2.155e-05
-5 1 0 0.6 -0.60 0.05242 2.467e-05
-5 1 0 1. -1.0 0.06021 2.822e-05
0.0001 1 0 -1. 1.0 0.01266 5.952e-06
0.0001 1 0 -0.6 0.60 0.00901 4.25e-06
0.0001 1 0 -0.2 0.20 0.006202 2.963e-06
0.0001 1 0 0.2 -0.20 0.004234 2.013e-06
0.0001 1 0 0.6 -0.60 0.003108 1.483e-06
0.0001 1 0 1. -1.0 0.002822 1.368e-06
5 1 0 -1. 1.0 0.004014 1.925e-06
1. 1. 0 -0.2 0.20 0.003217 1.549e-06
5 1 0 -0.6 0.60 0.0009928 4.986e-07
5 1 0 -0.2 0.20 0.003339 1.609e-06
5 1 0 0.2 -0.20 0.01105 5.257e-06
5 1 0 0.6 -0.60 0.02412 1.135e-05
5 1 0 1. -1.0 0.04256 2.001e-05
10 1 0 -1. 1.0 0.003213 1.6e-06
10 1 0 -0.6 0.60 0.009734 4.605e-06
10 1 0 -0.2 0.20 0.03062 1.464e-05
10 1 0 0.2 -0.20 0.06585 3.412e-05
10 1 0 0.6 -0.60 0.1154 5.459e-05
1. 1. 0 -0.2 0.60 0.005258 2.49e-06
10 1 0 1. -1.0 0.1794 8.459e-05
15 1 0 -1. 1.0 0.01025 4.869e-06
15 1 0 -0.6 0.60 0.03522 1.659e-05
15 1 0 -0.2 0.20 0.08804 4.206e-05
15 1 0 0.2 -0.20 0.1687 8.039e-05
15 1 0 0.6 -0.60 0.2771 0.0001314
15 1 0 1. -1.0 0.4134 0.0001954
1 0.5 -3. 0 00 0.2091 9.983e-05
1 0.5 -2. 0 00 0.09395 4.486e-05
1 0.5 -1. 0 00 0.02429 1.161e-05
1. 1. 0 -0.2 1.0 0.008139 3.85e-06
1 0.5 0 0 00 6.595e-05 3.341e-08
1 0.5 1. 0 00 0.0213 1.014e-05
1 0.5 2. 0 00 0.08798 4.193e-05
1 0.5 3. 0 00 0.2001 9.543e-05
1 1. -3. 0 00 0.2462 0.0001175
1 1. -2. 0 00 0.1195 5.705e-05
1 1. -1. 0 00 0.03817 1.824e-05
1 1. 1. 0 00 0.01191 5.679e-06
1 1. 2. 0 00 0.06696 3.194e-05
1. 1. 0 0.2 -1.0 0.002337 1.132e-06
1. 1. 0 -1. -1.0 0.002013 9.646e-07
1 1. 3. 0 00 0.1674 7.983e-05
1 1. 2. 0 00 0.06696 3.194e-05
1 1. 3. 0 00 0.1674 7.983e-05
1 2. -3. 0 00 0.4613 0.0002203
1 2. -2. 0 00 0.2809 0.0001341
1. 1. 0 0.2 -0.60 0.001627 8.657e-07
1 2. -1. 0 00 0.1459 6.978e-05
1 2. 0 0 00 0.05633 2.709e-05
1 2. 1. 0 00 0.01223 6.731e-06
1 2. 2. 0 00 0.01358 6.577e-06
1 2. 3. 0 00 0.06039 2.919e-05
1 2. -3. 0 00 0.4613 0.0002203
1 2. -2. 0 00 0.2809 0.0001341
1 2. -1. 0 00 0.1459 6.978e-05
1 2. 0 0 00 0.05633 2.709e-05
1 2. 1. 0 00 0.01223 6.731e-06
1. 1. 0 0.2 -0.20 0.001757 8.567e-07
1 2. 2. 0 00 0.01358 6.577e-06
1 2. 3. 0 00 0.06039 2.919e-05
-2.4 0.5 0 0 00 0.002499 1.189e-06
-2.4 1. 0 0 00 0.01811 8.612e-06
-2.4 1.5 0 0 00 0.06478 3.218e-05
-2.4 2. 0 0 00 0.1681 7.994e-05
-2.4 2.5 0 0 00 0.3613 0.0001719
1 0.5 0 0 00 6.595e-05 3.341e-08
1 1. 0 0 00 0.002314 1.126e-06
1 1.5 0 0 00 0.01557 7.513e-06
1. 1. 0 0.2 0.20 0.002728 1.324e-06
1 2. 0 0 00 0.05633 2.709e-05
1 2.5 0 0 00 0.1488 7.14e-05
2.4 0.5 0 0 00 0.0003579 1.679e-07
2.4 1. 0 0 00 0.0009829 4.912e-07
2.4 1.5 0 0 00 0.006954 3.479e-06
2.4 2. 0 0 00 0.03102 1.526e-05
2.4 2.5 0 0 00 0.09359 4.55e-05
-15 0.5 0 0 00 0.05034 2.398e-05
-15 1. 0 0 00 0.232 0.0001104
-15 1.5 0 0 00 0.5964 0.0002838
1. 1. 0 0.2 0.60 0.00454 2.162e-06
-15 2. 0 0 00 1.203 0.0005729
-15 2.5 0 0 00 2.119 0.001009
-10 0.5 0 0 00 0.02404 1.144e-05
-10 1. 0 0 00 0.1178 5.606e-05
-10 1.5 0 0 00 0.3196 0.0001522
-10 2. 0 0 00 0.6754 0.0003213
-10 2.5 0 0 00 1.239 0.0005883
-5 0.5 0 0 00 0.007363 3.504e-06
-5 1. 0 0 00 0.04221 2.008e-05
-5 1.5 0 0 00 0.1294 6.153e-05
1. 1. 0 0.2 1.0 0.007192 3.413e-06
-5 2. 0 0 00 0.3016 0.0001519
-5 2.5 0 0 00 0.599 0.0002855
0.0001 0.5 0 0 00 0.0003196 1.529e-07
0.0001 1. 0 0 00 0.005113 2.446e-06
0.0001 1.5 0 0 00 0.02589 1.238e-05
0.0001 2. 0 0 00 0.08181 3.914e-05
0.0001 2.5 0 0 00 0.1997 9.555e-05
5 0.5 0 0 00 0.002903 1.389e-06
5 1. 0 0 00 0.006522 3.054e-06
5 1.5 0 0 00 0.008977 4.371e-06
1. 1. 0 0.6 -1.0 0.002625 1.262e-06
5 2. 0 0 00 0.01605 7.996e-06
1. 1. 0 0.6 -0.60 0.001685 8.254e-07
15 2.5 0 0 00 0.4462 0.0002125
1. 1. 0 0.6 -0.20 0.001586 7.883e-07
1. 1. 0 0.6 0.20 0.002328 1.143e-06
1. 1. 0 0.6 0.60 0.003911 1.875e-06
1. 1. 0 -1. -0.60 0.001989 9.553e-07
1. 1. 0 0.6 1.0 0.006335 3.019e-06
1. 1. 0 1. -1.0 0.003001 1.477e-06
1. 1. 0 1. -0.60 0.001832 9.167e-07
1. 1. 0 1. -0.20 0.001504 7.392e-07
1. 1. 0 1. 0.20 0.002018 9.922e-07
1. 1. 0 1. 0.60 0.003372 1.635e-06
1. 1. 0 1. 1.0 0.005566 2.667e-06
1. 1. -3. 0 -1.0 0.2104 0.0001004
1. 1. -3. 0 -0.60 0.2241 0.000107
1. 1. -3. 0 -0.20 0.2386 0.0001139
1. 1. 0 -1. -0.20 0.002806 1.337e-06
1. 1. -3. 0 0.20 0.254 0.0001213
1. 1. -3. 0 0.60 0.2702 0.0001291
1. 1. -3. 0 1.0 0.2873 0.0001372
1. 1. -2. 0 -1.0 0.09556 4.563e-05
1. 1. -2. 0 -0.60 0.1045 4.988e-05
1. 1. -2. 0 -0.20 0.1143 5.456e-05
1. 1. -2. 0 0.20 0.1249 5.964e-05
1. 1. -2. 0 0.60 0.1363 6.509e-05
1. 1. -2. 0 1.0 0.1486 7.092e-05
1. 1. -1. 0 -1.0 0.02617 1.252e-05
1. 1. 0 -1. 0.20 0.004464 2.131e-06
1. 1. -1. 0 -0.60 0.03034 1.451e-05
1. 1. -1. 0 -0.20 0.03535 1.69e-05
1. 1. -1. 0 0.20 0.0412 1.97e-05
1. 1. -1. 0 0.60 0.04789 2.286e-05
1. 1. -1. 0 1.0 0.05541 2.641e-05
1. 1. 0 0 -1.0 0.002227 1.43e-06
1. 1. 0 0 -0.60 0.001631 7.88e-07
1. 1. 0 0 -0.20 0.001876 9.156e-07
1. 1. 0 0 0.20 0.002961 1.43e-06
1. 1. 0 0 0.60 0.004888 2.323e-06
1. 1. 0 -1. 0.60 0.006963 3.283e-06
1. 1. 0 0 1.0 0.007655 3.625e-06
1. 1. 1. 0 -1.0 0.02374 1.126e-05
1. 1. 1. 0 -0.60 0.01838 8.74e-06
1. 1. 1. 0 -0.20 0.01386 6.602e-06
1. 1. 1. 0 0.20 0.01018 4.853e-06
1. 1. 1. 0 0.60 0.007336 3.799e-06
1. 1. 1. 0 1.0 0.005339 2.584e-06
1. 1. 2. 0 -1.0 0.0907 4.318e-05
1. 1. 2. 0 -0.60 0.08057 3.84e-05
1. 1. 2. 0 -0.20 0.07128 3.397e-05
1. 1. 0 -1. 1.0 0.0103 4.846e-06
1. 1. 2. 0 0.20 0.06284 2.997e-05
1. 1. 2. 0 0.60 0.05524 2.635e-05
1. 1. 2. 0 1.0 0.04847 2.31e-05
1. 1. 3. 0 -1.0 0.2031 9.677e-05
1. 1. 3. 0 -0.60 0.1882 8.973e-05
1. 1. 3. 0 -0.20 0.1742 8.304e-05
1. 1. 3. 0 0.20 0.161 7.674e-05
1. 1. 3. 0 0.60 0.1486 7.086e-05
1. 1. 3. 0 1.0 0.1371 6.536e-05
1. 1. -3. -1. 1.0 0.3014 0.0001437
1. 1. 0 -0.6 -1.0 0.002031 1.004e-06
1. 1. -3. -0.6 0.60 0.2783 0.0001328
1. 1. -3. -0.2 0.20 0.2566 0.0001225
1. 1. -3. 0.2 -0.20 0.2362 0.0001128
1. 1. -3. 0.6 -0.60 0.2173 0.0001039
1. 1. -3. 1. -1.0 0.1997 9.551e-05
1. 1. -2. -1. 1.0 0.1589 7.568e-05
1. 1. -2. -0.6 0.60 0.1421 6.778e-05
1. 1. -2. -0.2 0.20 0.1267 6.049e-05
1. 1. -2. 0.2 -0.20 0.1126 5.379e-05
1. 1. -2. 0.6 -0.60 0.09997 4.781e-05
1. 1. 0 -0.6 -0.60 0.001778 8.422e-07
1. 1. -2. 1. -1.0 0.08871 4.247e-05
1. 1. -1. 0.2 -0.20 0.03447 1.65e-05
1. 1. -1. 0.6 -0.60 0.0281 1.347e-05
1. 1. -1. 1. -1.0 0.02312 1.084e-05
1. 1. 0 -1. 1.0 0.0103 4.846e-06
1. 1. 0 -0.6 0.60 0.006065 2.866e-06
1. 1. 0 -0.2 0.20 0.003217 1.549e-06
1. 1. 0 -0.6 -0.20 0.002367 1.135e-06
