1. 1. 0 0.2 -0.20 0.01098 5.166e-06
1. 1. 0 0.6 -0.60 0.01242 6.211e-06
1. 1. 0 1. -1.0 0.02267 1.121e-05
1. 1. 1. -1. 1.0 0.03479 1.658e-05
1. 1. 1. -0.6 0.60 0.0442 2.123e-05
1. 1. 1. -0.2 0.20 0.06241 2.976e-05
1. 1. 1. 0.2 -0.20 0.08941 4.13e-05
1. 1. 1. 0.6 -0.60 0.1253 5.909e-05
1. 1. 1. 1. -1.0 0.1699 7.974e-05
1. 1. 2. -1. 1.0 0.287 0.0001367
1. 1. 0 -0.6 0.20 0.0213 1.009e-05
1. 1. 2. -0.6 0.60 0.3308 0.0001574
1. 1. 2. -0.2 0.20 0.3833 0.0001771
1. 1. 2. 0.2 -0.20 0.4447 0.0002054
1. 1. 2. 0.6 -0.60 0.5151 0.0002441
1. 1. 2. 1. -1.0 0.5941 0.0002807
1. 1. 3. -1. 1.0 0.8161 0.0003882
1. 1. 3. -0.6 0.60 0.894 0.0004127
1. 1. 3. -0.2 0.20 0.981 0.0004531
1. 1. 3. 0.2 -0.20 1.077 0.0004974
1. 1. 3. 0.6 -0.60 1.182 0.0005607
1. 1. 0 -0.6 0.60 0.03455 1.624e-05
1. 1. 3. 1. -1.0 1.295 0.0006134
-2.4 1 0 -1. 1.0 0.1076 5.021e-05
-2.4 1 0 -0.6 0.60 0.1003 4.915e-05
-2.4 1 0 0.6 -0.60 0.09373 4.342e-05
0.0001 1 0 -1. 1.0 0.07167 3.353e-05
0.0001 1 0 -0.6 0.60 0.04984 2.332e-05
0.0001 1 0 -0.2 0.20 0.03395 1.606e-05
1. 1. 0 -0.6 1.0 0.05373 2.525e-05
0.0001 1 0 0.2 -0.20 0.02398 1.13e-05
0.0001 1 0 0.6 -0.60 0.01995 9.462e-06
0.0001 1 0 1. -1.0 0.02184 1.03e-05
1 1 0 -1. 1.0 0.05955 2.792e-05
1 1 0 -0.6 0.60 0.03455 1.624e-05
1 1 0 -0.2 0.20 0.01836 8.754e-06
1 1 0 0.2 -0.20 0.01098 5.166e-06
1 1 0 0.6 -0.60 0.01242 6.211e-06
1 1 0 1. -1.0 0.02267 1.121e-05
2.4 1 0 -1. 1.0 0.04539 2.136e-05
1. 1. 0 -0.2 -1.0 0.01786 8.8e-06
2.4 1 0 -0.6 0.60 0.0188 8.977e-06
2.4 1 0 -0.2 0.20 0.006505 3.135e-06
2.4 1 0 0.2 -0.20 0.008516 4.093e-06
2.4 1 0 0.6 -0.60 0.02483 1.163e-05
2.4 1 0 1. -1.0 0.05544 2.589e-05
-15 1 0 -1. 1.0 0.4541 0.0002132
-15 1 0 -0.6 0.60 0.6838 0.0003223
-15 1 0 -0.2 0.20 0.98 0.0004632
-15 1 0 0.2 -0.20 1.343 0.0006331
-15 1 0 0.6 -0.60 1.772 0.0008771
1. 1. 0 -0.2 -0.60 0.0121 5.892e-06
-15 1 0 1. -1.0 2.267 0.001037
-10 1 0 -1. 1.0 0.2848 0.0001331
-10 1 0 -0.6 0.60 0.3882 0.0001823
-10 1 0 -0.2 0.20 0.5162 0.000244
-10 1 0 0.2 -0.20 0.669 0.0003214
-10 1 0 0.6 -0.60 0.8463 0.0004105
-10 1 0 1. -1.0 1.048 0.0004748
-5 1 0 -1. 1.0 0.1573 7.337e-05
-5 1 0 -0.6 0.60 0.1769 8.258e-05
-5 1 0 -0.2 0.20 0.2009 9.486e-05
1. 1. 0 -0.2 -0.20 0.01226 5.893e-06
-5 1 0 0.2 -0.20 0.2294 0.0001076
-5 1 0 0.6 -0.60 0.2624 0.0001216
-5 1 0 1. -1.0 0.2999 0.0001388
0.0001 1 0 -1. 1.0 0.07167 3.353e-05
0.0001 1 0 -0.6 0.60 0.04984 2.332e-05
0.0001 1 0 -0.2 0.20 0.03395 1.606e-05
0.0001 1 0 0.2 -0.20 0.02398 1.13e-05
0.0001 1 0 0.6 -0.60 0.01995 9.462e-06
0.0001 1 0 1. -1.0 0.02184 1.03e-05
5 1 0 -1. 1.0 0.02779 1.336e-05
1. 1. 0 -0.2 0.20 0.01836 8.754e-06
5 1 0 -0.6 0.60 0.00708 3.554e-06
5 1 0 -0.2 0.20 0.01536 7.336e-06
5 1 0 0.2 -0.20 0.05261 2.433e-05
5 1 0 0.6 -0.60 0.1189 5.515e-05
5 1 0 1. -1.0 0.2141 9.909e-05
10 1 0 -1. 1.0 0.02571 1.256e-05
10 1 0 -0.6 0.60 0.04859 2.262e-05
10 1 0 -0.2 0.20 0.1451 6.822e-05
10 1 0 0.2 -0.20 0.3154 0.0001474
10 1 0 0.6 -0.60 0.5592 0.0002529
1. 1. 0 -0.2 0.60 0.03039 1.434e-05
10 1 0 1. -1.0 0.8767 0.0004066
15 1 0 -1. 1.0 0.06545 3.099e-05
15 1 0 -0.6 0.60 0.1744 7.849e-05
15 1 0 -0.2 0.20 0.4234 0.0002067
15 1 0 0.2 -0.20 0.8121 0.0003772
15 1 0 0.6 -0.60 1.341 0.0006085
15 1 0 1. -1.0 2.01 0.0009099
1 0.5 -3. 0 00 1.276 0.0005898
1 0.5 -2. 0 00 0.5737 0.0002653
1 0.5 -1. 0 00 0.1486 6.883e-05
1. 1. 0 -0.2 1.0 0.04834 2.279e-05
1 0.5 0 0 00 0.0004036 1.976e-07
1 0.5 1. 0 00 0.1291 6.116e-05
1 0.5 2. 0 00 0.5347 0.0002535
1 0.5 3. 0 00 1.217 0.0005773
1 1. -3. 0 00 1.492 0.0007082
1 1. -2. 0 00 0.722 0.000343
1 1. -1. 0 00 0.2293 0.0001091
1 1. 0 0 00 0.01357 6.583e-06
1 1. 1. 0 00 0.07482 3.564e-05
1 1. 2. 0 00 0.4129 0.0001908
1. 1. 0 0.2 -1.0 0.01903 9.333e-06
1. 1. 0 -1. -1.0 0.01682 8.179e-06
1 1. 3. 0 00 1.028 0.0004752
1 1. 3. 0 00 1.028 0.0004752
1 2. -3. 0 00 2.721 0.001293
1 2. -2. 0 00 1.643 0.0007814
1. 1. 0 0.2 -0.60 0.01205 6.013e-06
1 2. -1. 0 00 0.8428 0.0004013
1 2. 0 0 00 0.3193 0.000153
1 2. 1. 0 00 0.07282 3.753e-05
1 2. 2. 0 00 0.1033 4.973e-05
1 2. 3. 0 00 0.4106 0.0001928
1 2. -3. 0 00 2.721 0.001293
1 2. -2. 0 00 1.643 0.0007814
1 2. -1. 0 00 0.8428 0.0004013
1 2. 0 0 00 0.3193 0.000153
1 2. 1. 0 00 0.07282 3.753e-05
1. 1. 0 0.2 -0.20 0.01098 5.166e-06
1 2. 2. 0 00 0.1033 4.973e-05
1 2. 3. 0 00 0.4106 0.0001928
-2.4 0.5 0 0 00 0.01272 6.002e-06
-2.4 1. 0 0 00 0.09416 4.457e-05
-2.4 1.5 0 0 00 0.341 0.0001617
-2.4 2. 0 0 00 0.8923 0.0004228
-2.4 2.5 0 0 00 1.929 0.000915
1 0.5 0 0 00 0.0004036 1.976e-07
1 1. 0 0 00 0.01357 6.583e-06
1 1.5 0 0 00 0.08919 4.286e-05
1. 1. 0 0.2 0.20 0.01585 7.618e-06
1 2. 0 0 00 0.3193 0.000153
1 2.5 0 0 00 0.8383 0.0004005
2.4 0.5 0 0 00 0.001666 7.934e-07
2.4 1. 0 0 00 0.005725 2.843e-06
2.4 1.5 0 0 00 0.04251 2.05e-05
2.4 2. 0 0 00 0.1847 9.036e-05
2.4 2.5 0 0 00 0.5474 0.000265
-15 0.5 0 0 00 0.2484 0.0001173
-15 1. 0 0 00 1.153 0.0005441
-15 1.5 0 0 00 2.984 0.00141
1. 1. 0 0.2 0.60 0.02665 1.264e-05
-15 2. 0 0 00 6.056 0.002858
-15 2.5 0 0 00 10.72 0.005062
-10 0.5 0 0 00 0.1191 5.62e-05
-10 1. 0 0 00 0.5895 0.0002785
-10 1.5 0 0 00 1.613 0.0007616
-10 2. 0 0 00 3.434 0.001621
-10 2.5 0 0 00 6.338 0.002993
-5 0.5 0 0 00 0.03685 1.741e-05
-5 1. 0 0 00 0.2146 0.0001013
-5 1.5 0 0 00 0.6659 0.0003146
1. 1. 0 0.2 1.0 0.04338 2.052e-05
-5 2. 0 0 00 1.566 0.000741
-5 2.5 0 0 00 3.131 0.001481
0.0001 0.5 0 0 00 0.001764 8.4e-07
0.0001 1. 0 0 00 0.02822 1.344e-05
0.0001 1.5 0 0 00 0.1429 6.804e-05
0.0001 2. 0 0 00 0.4516 0.0002151
0.0001 2.5 0 0 00 1.103 0.000525
5 0.5 0 0 00 0.01382 6.733e-06
5 1. 0 0 00 0.03036 1.444e-05
5 1.5 0 0 00 0.04406 2.121e-05
1. 1. 0 0.6 -1.0 0.02064 1.001e-05
5 2. 0 0 00 0.09167 4.522e-05
5 2.5 0 0 00 0.2522 0.0001235
10 0.5 0 0 00 0.07299 3.365e-05
10 1. 0 0 00 0.2211 0.0001077
10 1.5 0 0 00 0.3694 0.0001747
10 2. 0 0 00 0.4858 0.000231
15 0.5 0 0 00 0.1793 8.249e-05
15 1. 0 0 00 0.6003 0.0002919
15 1.5 0 0 00 1.119 0.0005454
1. 1. 0 0.6 -0.60 0.01242 6.211e-06
15 2. 0 0 00 1.634 0.0007625
15 2.5 0 0 00 2.087 0.0009856
1. 1. 0 0.6 -0.20 0.01014 4.816e-06
1. 1. 0 0.6 0.20 0.01378 6.694e-06
1. 1. 0 0.6 0.60 0.02335 1.115e-05
1. 1. 0 -1. -0.60 0.01351 6.461e-06
1. 1. 0 0.6 1.0 0.03886 1.846e-05
1. 1. 0 1. -1.0 0.02267 1.121e-05
1. 1. 0 1. -0.60 0.01323 6.582e-06
1. 1. 0 1. -0.20 0.009719 5.748e-06
1. 1. 0 1. 0.20 0.01214 5.851e-06
1. 1. 0 1. 0.60 0.02048 9.898e-06
1. 1. 0 1. 1.0 0.03476 1.66e-05
1. 1. -3. 0 -1.0 1.297 0.0005984
1. 1. -3. 0 -0.60 1.371 0.0006498
1. 1. -3. 0 -0.20 1.45 0.0006883
1. 1. 0 -1. -0.20 0.01613 7.617e-06
1. 1. -3. 0 0.20 1.535 0.0007291
1. 1. -3. 0 0.60 1.626 0.0007725
1. 1. -3. 0 1.0 1.723 0.0008182
1. 1. -2. 0 -1.0 0.5937 0.0002738
1. 1. -2. 0 -0.60 0.6407 0.0003036
1. 1. -2. 0 -0.20 0.6934 0.0003292
1. 1. -2. 0 0.20 0.752 0.0003574
1. 1. -2. 0 0.60 0.8165 0.0003878
1. 1. -2. 0 1.0 0.8871 0.0004211
1. 1. -1. 0 -1.0 0.1676 7.74e-05
1. 1. 0 -1. 0.20 0.02467 1.165e-05
1. 1. -1. 0 -0.60 0.1878 8.669e-05
1. 1. -1. 0 -0.20 0.214 0.0001017
1. 1. -1. 0 0.20 0.2461 0.000117
1. 1. -1. 0 0.60 0.284 0.0001349
1. 1. -1. 0 1.0 0.328 0.0001549
1. 1. 0 0 -1.0 0.0184 9.021e-06
1. 1. 0 0 -0.60 0.01202 5.948e-06
1. 1. 0 0 -0.20 0.01157 5.594e-06
1. 1. 0 0 0.20 0.01705 8.153e-06
1. 1. 0 0 0.60 0.02847 1.346e-05
1. 1. 0 -1. 0.60 0.03915 1.834e-05
1. 1. 0 0 1.0 0.04581 2.163e-05
1. 1. 1. 0 -1.0 0.1461 6.872e-05
1. 1. 1. 0 -0.60 0.1131 5.214e-05
1. 1. 1. 0 -0.20 0.08608 3.989e-05
1. 1. 1. 0 0.20 0.06501 3.096e-05
1. 1. 1. 0 0.60 0.04985 2.38e-05
1. 1. 1. 0 1.0 0.0406 1.923e-05
1. 1. 2. 0 -1.0 0.5507 0.0002607
1. 1. 2. 0 -0.60 0.491 0.0002355
1. 1. 2. 0 -0.20 0.4374 0.0002022
1. 1. 0 -1. 1.0 0.05955 2.792e-05
1. 1. 2. 0 0.20 0.3898 0.0001801
1. 1. 2. 0 0.60 0.3481 0.0001605
1. 1. 2. 0 1.0 0.3124 0.0001484
1. 1. 3. 0 -1.0 1.232 0.0005843
1. 1. 3. 0 -0.60 1.146 0.0005291
1. 1. 3. 0 -0.20 1.066 0.0004923
1. 1. 3. 0 0.20 0.9915 0.000458
1. 1. 3. 0 0.60 0.9231 0.0004264
1. 1. 3. 0 1.0 0.8608 0.0003967
1. 1. -3. -1. 1.0 1.796 0.0008519
1. 1. 0 -0.6 -1.0 0.01713 8.342e-06
1. 1. -3. -0.6 0.60 1.667 0.0007912
1. 1. -3. -0.2 0.20 1.548 0.0007352
1. 1. -3. 0.2 -0.20 1.437 0.0006824
1. 1. -3. 0.6 -0.60 1.335 0.0006168
1. 1. -3. 1. -1.0 1.242 0.0005737
1. 1. -2. -1. 1.0 0.94 0.0004453
1. 1. -2. -0.6 0.60 0.8461 0.0004018
1. 1. -2. -0.2 0.20 0.7611 0.0003616
1. 1. -2. 0.2 -0.20 0.685 0.0003252
1. 1. -2. 0.6 -0.60 0.6174 0.0002854
1. 1. 0 -0.6 -0.60 0.01259 5.965e-06
1. 1. -2. 1. -1.0 0.5588 0.000258
1. 1. -1. -1. 1.0 0.3612 0.0001702
1. 1. -1. -0.6 0.60 0.3019 0.0001431
1. 1. -1. -0.2 0.20 0.2513 0.0001196
1. 1. -1. 0.2 -0.20 0.2095 9.963e-05
1. 1. -1. 0.6 -0.60 0.1765 8.153e-05
1. 1. -1. 1. -1.0 0.1524 7.072e-05
1. 1. 0 -1. 1.0 0.05955 2.792e-05
1. 1. 0 -0.6 0.60 0.03455 1.624e-05
1. 1. 0 -0.2 0.20 0.01836 8.754e-06
1. 1. 0 -0.6 -0.20 0.01398 6.645e-06
