1. 1. 0 0.2 -0.20 0.009194 4.329e-06
1. 1. 0 0.6 -0.60 0.01021 5.107e-06
1. 1. 0 1. -1.0 0.01855 8.934e-06
1. 1. 1. -1. 1.0 0.02828 1.344e-05
1. 1. 1. -0.6 0.60 0.03649 1.753e-05
1. 1. 1. -0.2 0.20 0.05203 2.481e-05
1. 1. 1. 0.2 -0.20 0.07486 3.466e-05
1. 1. 1. 0.6 -0.60 0.1051 4.961e-05
1. 1. 1. 1. -1.0 0.1426 6.7e-05
1. 1. 2. -1. 1.0 0.2387 0.0001138
1. 1. 0 -0.6 0.20 0.01801 8.546e-06
1. 1. 2. -0.6 0.60 0.2761 0.0001314
1. 1. 2. -0.2 0.20 0.3207 0.0001482
1. 1. 2. 0.2 -0.20 0.3727 0.0001724
1. 1. 2. 0.6 -0.60 0.4322 0.000205
1. 1. 2. 1. -1.0 0.4989 0.0002361
1. 1. 3. -1. 1.0 0.6815 0.0003244
1. 1. 3. -0.6 0.60 0.7477 0.0003453
1. 1. 3. -0.2 0.20 0.8216 0.00038
1. 1. 3. 0.2 -0.20 0.9028 0.0004522
1. 1. 3. 0.6 -0.60 0.9917 0.0004706
1. 1. 3. 1. -1.0 1.088 0.0005152
-2.4 1 0 -1. 1.0 0.09108 4.249e-05
-2.4 1 0 -0.6 0.60 0.08521 3.981e-05
-2.4 1 0 -0.2 0.20 0.08136 3.848e-05
-2.4 1 0 0.2 -0.20 0.07955 3.725e-05
-2.4 1 0 0.6 -0.60 0.07975 3.701e-05
-2.4 1 0 1. -1.0 0.08198 4.159e-05
0.0001 1 0 -1. 1.0 0.06046 2.829e-05
0.0001 1 0 -0.6 0.60 0.04217 1.972e-05
0.0001 1 0 -0.2 0.20 0.02878 1.363e-05
1. 1. 0 -0.6 1.0 0.04516 2.123e-05
0.0001 1 0 0.2 -0.20 0.02026 9.559e-06
0.0001 1 0 0.6 -0.60 0.01662 7.885e-06
0.0001 1 0 1. -1.0 0.01785 8.414e-06
1 1 0 -1. 1.0 0.05011 2.35e-05
1 1 0 -0.6 0.60 0.02915 1.371e-05
1 1 0 -0.2 0.20 0.01551 7.402e-06
1 1 0 0.2 -0.20 0.009194 4.329e-06
1 1 0 0.6 -0.60 0.01021 5.107e-06
1 1 0 1. -1.0 0.01855 8.934e-06
2.4 1 0 -1. 1.0 0.03802 1.789e-05
1. 1. 0 -0.2 -1.0 0.0145 7.106e-06
2.4 1 0 -0.6 0.60 0.01574 7.518e-06
2.4 1 0 -0.2 0.20 0.005458 2.632e-06
2.4 1 0 0.2 -0.20 0.00718 3.716e-06
2.4 1 0 0.6 -0.60 0.02091 9.798e-06
2.4 1 0 1. -1.0 0.04664 2.178e-05
-15 1 0 -1. 1.0 0.386 0.0001815
-15 1 0 -0.6 0.60 0.5833 0.0002751
-15 1 0 -0.2 0.20 0.8376 0.0003959
-15 1 0 0.2 -0.20 1.149 0.0005423
-15 1 0 0.6 -0.60 1.517 0.0007157
1. 1. 0 -0.2 -0.60 0.009959 4.854e-06
-15 1 0 1. -1.0 1.943 0.0008889
-10 1 0 -1. 1.0 0.242 0.0001131
-10 1 0 -0.6 0.60 0.3309 0.0001555
-10 1 0 -0.2 0.20 0.441 0.0002084
-10 1 0 0.2 -0.20 0.5722 0.0002694
-10 1 0 0.6 -0.60 0.7245 0.0003467
-10 1 0 1. -1.0 0.8979 0.0004074
-5 1 0 -1. 1.0 0.1335 6.229e-05
-5 1 0 -0.6 0.60 0.1505 7.035e-05
-5 1 0 -0.2 0.20 0.1714 8.098e-05
1. 1. 0 -0.2 -0.20 0.01029 5.056e-06
-5 1 0 0.2 -0.20 0.1959 9.197e-05
-5 1 0 0.6 -0.60 0.2242 0.000104
-5 1 0 1. -1.0 0.2563 0.0001188
0.0001 1 0 -1. 1.0 0.06046 2.829e-05
0.0001 1 0 -0.6 0.60 0.04217 1.972e-05
0.0001 1 0 -0.2 0.20 0.02878 1.363e-05
0.0001 1 0 0.2 -0.20 0.02026 9.559e-06
0.0001 1 0 0.6 -0.60 0.01662 7.885e-06
0.0001 1 0 1. -1.0 0.01785 8.414e-06
5 1 0 -1. 1.0 0.02296 1.103e-05
1. 1. 0 -0.2 0.20 0.01551 7.402e-06
5 1 0 -0.6 0.60 0.005819 2.918e-06
5 1 0 -0.2 0.20 0.01322 6.322e-06
5 1 0 0.2 -0.20 0.04516 2.119e-05
5 1 0 0.6 -0.60 0.1016 4.726e-05
5 1 0 1. -1.0 0.1827 8.464e-05
10 1 0 -1. 1.0 0.02097 1.028e-05
10 1 0 -0.6 0.60 0.04146 1.931e-05
10 1 0 -0.2 0.20 0.1246 6.541e-05
10 1 0 0.2 -0.20 0.2706 0.0001267
10 1 0 0.6 -0.60 0.4793 0.0002224
1. 1. 0 -0.2 0.60 0.0256 1.208e-05
10 1 0 1. -1.0 0.7507 0.0003486
15 1 0 -1. 1.0 0.05452 2.579e-05
15 1 0 -0.6 0.60 0.1491 6.728e-05
15 1 0 -0.2 0.20 0.3632 0.0001757
15 1 0 0.2 -0.20 0.6967 0.0003275
15 1 0 0.6 -0.60 1.15 0.0005225
15 1 0 1. -1.0 1.722 0.0007801
1 0.5 -3. 0 00 1.07 0.0004948
1 0.5 -2. 0 00 0.4811 0.0002226
1 0.5 -1. 0 00 0.1246 5.775e-05
1. 1. 0 -0.2 1.0 0.04057 1.913e-05
1 0.5 0 0 00 0.0003387 1.658e-07
1 0.5 1. 0 00 0.1083 5.134e-05
1 0.5 2. 0 00 0.4486 0.0002128
1 0.5 3. 0 00 1.021 0.0004843
1 1. -3. 0 00 1.252 0.0005948
1 1. -2. 0 00 0.6061 0.000288
1 1. -1. 0 00 0.1926 9.164e-05
1 1. 0 0 00 0.01144 5.548e-06
1 1. 1. 0 00 0.06254 2.981e-05
1 1. 2. 0 00 0.3458 0.0001599
1. 1. 0 0.2 -1.0 0.01548 7.565e-06
1. 1. 0 -1. -1.0 0.01365 6.587e-06
1 1. 1. 0 00 0.06254 2.981e-05
1 1. 2. 0 00 0.3458 0.0001599
1 1. 3. 0 00 0.8613 0.0003981
1 2. -3. 0 00 2.29 0.001088
1 2. -2. 0 00 1.384 0.0006582
1. 1. 0 0.2 -0.60 0.009902 4.956e-06
1 2. -1. 0 00 0.7108 0.0003387
1 2. 0 0 00 0.2699 0.0001293
1 2. 1. 0 00 0.06122 3.34e-05
1 2. 2. 0 00 0.08487 4.083e-05
1 2. 3. 0 00 0.3407 0.00016
1 2. -3. 0 00 2.29 0.001088
1 2. -2. 0 00 1.384 0.0006582
1 2. -1. 0 00 0.7108 0.0003387
1 2. 0 0 00 0.2699 0.0001293
1 2. 1. 0 00 0.06122 3.34e-05
1. 1. 0 0.2 -0.20 0.009194 4.329e-06
1 2. 2. 0 00 0.08487 4.083e-05
1 2. 3. 0 00 0.3407 0.00016
-2.4 0.5 0 0 00 0.01086 5.128e-06
-2.4 1. 0 0 00 0.08021 3.792e-05
-2.4 1.5 0 0 00 0.2901 0.0001374
-2.4 2. 0 0 00 0.7585 0.0003601
-2.4 2.5 0 0 00 1.639 0.0007779
1 0.5 0 0 00 0.0003387 1.658e-07
1 1. 0 0 00 0.01144 5.548e-06
1 1.5 0 0 00 0.0753 3.621e-05
1. 1. 0 0.2 0.20 0.01337 6.428e-06
1 2. 0 0 00 0.2699 0.0001293
1 2.5 0 0 00 0.7088 0.0003389
2.4 0.5 0 0 00 0.001433 6.832e-07
2.4 1. 0 0 00 0.004822 2.39e-06
2.4 1.5 0 0 00 0.03569 1.722e-05
2.4 2. 0 0 00 0.1554 7.616e-05
2.4 2.5 0 0 00 0.4613 0.0002235
-15 0.5 0 0 00 0.2126 0.0001005
-15 1. 0 0 00 0.9861 0.0004657
-15 1.5 0 0 00 2.551 0.001204
1. 1. 0 0.2 0.60 0.02242 1.064e-05
-15 2. 0 0 00 5.174 0.002444
-15 2.5 0 0 00 9.156 0.004325
-10 0.5 0 0 00 0.1019 4.812e-05
-10 1. 0 0 00 0.5039 0.0002378
-10 1.5 0 0 00 1.378 0.0006508
-10 2. 0 0 00 2.931 0.001384
-10 2.5 0 0 00 5.407 0.002553
-5 0.5 0 0 00 0.0315 1.486e-05
-5 1. 0 0 00 0.1832 8.652e-05
-5 1.5 0 0 00 0.5677 0.0002681
1. 1. 0 0.2 1.0 0.03635 1.72e-05
-5 2. 0 0 00 1.334 0.0006307
-5 2.5 0 0 00 2.665 0.001262
0.0001 0.5 0 0 00 0.001494 7.118e-07
0.0001 1. 0 0 00 0.02391 1.139e-05
0.0001 1.5 0 0 00 0.1211 5.766e-05
0.0001 2. 0 0 00 0.3826 0.0001822
0.0001 2.5 0 0 00 0.934 0.0004449
5 0.5 0 0 00 0.01186 5.61e-06
5 1. 0 0 00 0.02612 1.27e-05
5 1.5 0 0 00 0.03768 1.815e-05
1. 1. 0 0.6 -1.0 0.01683 8.22e-06
5 2. 0 0 00 0.0773 3.82e-05
5 2.5 0 0 00 0.2117 0.0001036
10 0.5 0 0 00 0.06259 2.889e-05
10 1. 0 0 00 0.1898 8.975e-05
10 1.5 0 0 00 0.3176 0.0001502
10 2. 0 0 00 0.4179 0.0002032
10 2.5 0 0 00 0.4983 0.0002321
15 0.5 0 0 00 0.1537 7.083e-05
15 1. 0 0 00 0.5151 0.0002511
15 1.5 0 0 00 0.9609 0.0004544
1. 1. 0 0.6 -0.60 0.01021 5.107e-06
15 2. 0 0 00 1.405 0.0007185
15 2.5 0 0 00 1.795 0.0008493
1. 1. 0 0.6 -0.20 0.008468 4.03e-06
1. 1. 0 0.6 0.20 0.0116 5.642e-06
1. 1. 0 0.6 0.60 0.01961 9.367e-06
1. 1. 0 -1. -0.60 0.01119 5.348e-06
1. 1. 0 0.6 1.0 0.0325 1.544e-05
1. 1. 0 1. -1.0 0.01855 8.934e-06
1. 1. 0 1. -0.60 0.0109 5.424e-06
1. 1. 0 1. -0.20 0.00811 4.749e-06
1. 1. 0 1. 0.20 0.0102 4.928e-06
1. 1. 0 1. 0.60 0.01717 8.303e-06
1. 1. 0 1. 1.0 0.02903 1.386e-05
1. 1. -3. 0 -1.0 1.086 0.0005015
1. 1. -3. 0 -0.60 1.149 0.0005453
1. 1. -3. 0 -0.20 1.216 0.0005777
1. 1. 0 -1. -0.20 0.0136 6.433e-06
1. 1. -3. 0 0.20 1.289 0.0006123
1. 1. -3. 0 0.60 1.366 0.0006488
1. 1. -3. 0 1.0 1.448 0.0006873
1. 1. -2. 0 -1.0 0.4969 0.0002294
1. 1. -2. 0 -0.60 0.5371 0.0002547
1. 1. -2. 0 -0.20 0.5819 0.0002764
1. 1. -2. 0 0.20 0.6315 0.0003002
1. 1. -2. 0 0.60 0.6861 0.000326
1. 1. -2. 0 1.0 0.7456 0.000354
1. 1. -1. 0 -1.0 0.1399 6.455e-05
1. 1. 0 -1. 0.20 0.0209 9.876e-06
1. 1. -1. 0 -0.60 0.1573 7.27e-05
1. 1. -1. 0 -0.20 0.1796 8.54e-05
1. 1. -1. 0 0.20 0.2068 9.846e-05
1. 1. -1. 0 0.60 0.2389 0.0001135
1. 1. -1. 0 1.0 0.2759 0.0001304
1. 1. 0 0 -1.0 0.01495 7.312e-06
1. 1. 0 0 -0.60 0.009885 4.901e-06
1. 1. 0 0 -0.20 0.009698 4.695e-06
1. 1. 0 0 0.20 0.01439 6.892e-06
1. 1. 0 0 0.60 0.02396 1.133e-05
1. 1. 0 -1. 0.60 0.03307 1.55e-05
1. 1. 0 0 1.0 0.03841 1.815e-05
1. 1. 1. 0 -1.0 0.1223 5.759e-05
1. 1. 1. 0 -0.60 0.09471 4.37e-05
1. 1. 1. 0 -0.20 0.07204 3.333e-05
1. 1. 1. 0 0.20 0.05424 2.584e-05
1. 1. 1. 0 0.60 0.04131 1.973e-05
1. 1. 1. 0 1.0 0.03325 1.678e-05
1. 1. 2. 0 -1.0 0.462 0.0002188
1. 1. 2. 0 -0.60 0.4118 0.0002126
1. 1. 2. 0 -0.20 0.3666 0.0001695
1. 1. 0 -1. 1.0 0.05011 2.35e-05
1. 1. 2. 0 0.20 0.3263 0.0001508
1. 1. 2. 0 0.60 0.2908 0.0001342
1. 1. 2. 0 1.0 0.2604 0.0001237
1. 1. 3. 0 -1.0 1.034 0.0004905
1. 1. 3. 0 -0.60 0.9614 0.0004565
1. 1. 3. 0 -0.20 0.8934 0.0004131
1. 1. 3. 0 0.20 0.8306 0.0003841
1. 1. 3. 0 0.60 0.7726 0.0003567
1. 1. 3. 0 1.0 0.7196 0.0003319
1. 1. -3. -1. 1.0 1.509 0.0007165
1. 1. 0 -0.6 -1.0 0.01389 6.755e-06
1. 1. -3. -0.6 0.60 1.401 0.000665
1. 1. -3. -0.2 0.20 1.3 0.0006174
1. 1. -3. 0.2 -0.20 1.206 0.000573
1. 1. -3. 0.6 -0.60 1.119 0.0005175
1. 1. -3. 1. -1.0 1.04 0.0004805
1. 1. -2. -1. 1.0 0.7907 0.0003748
1. 1. -2. -0.6 0.60 0.7114 0.0003379
1. 1. -2. -0.2 0.20 0.6394 0.0003038
1. 1. -2. 0.2 -0.20 0.5747 0.0002731
1. 1. -2. 0.6 -0.60 0.5172 0.0002391
1. 1. 0 -0.6 -0.60 0.01039 4.924e-06
1. 1. -2. 1. -1.0 0.4672 0.0002159
1. 1. -1. -1. 1.0 0.3042 0.0001435
1. 1. -1. -0.6 0.60 0.2541 0.0001205
1. 1. -1. -0.2 0.20 0.2113 0.0001006
1. 1. -1. 0.2 -0.20 0.1758 8.367e-05
1. 1. -1. 0.6 -0.60 0.1476 6.826e-05
1. 1. -1. 1. -1.0 0.1268 5.882e-05
1. 1. 0 -1. 1.0 0.05011 2.35e-05
1. 1. 0 -0.6 0.60 0.02915 1.371e-05
1. 1. 0 -0.2 0.20 0.01551 7.402e-06
1. 1. 0 -0.6 -0.20 0.01176 5.598e-06
