0.0001 0.25 0 0 0 0.00011404
0.0001 0.5 0 0 0 0.00172284
0.0001 0.75 0 0 0 0.009238
0.0001 1. 0 0 0 0.0275773
0.0001 1.25 0 0 0 0.0673338
0.0001 1.5 0 0 0 0.139678
0.0001 1.75 0 0 0 0.258791
0.0001 2. 0 0 0 0.46721
0.0001 2.25 0 0 0 0.707361
0.0001 2.5 0 0 0 1.1408
0.0001 2.75 0 0 0 1.57808
0.0001 3. 0 0 0 2.23278
0.0001 3.5 0 0 0 4.14241
0.0001 4. 0 0 0 7.4763
0.0001 4.5 0 0 0 11.3124
0.0001 5. 0 0 0 17.2434
0.0001 5.5 0 0 0 25.2447
0.0001 6. 0 0 0 35.7333
0.0001 6.5 0 0 0 49.2477
0.0001 7. 0 0 0 66.2381
0.0001 7.5 0 0 0 87.2317
0.0001 8. 0 0 0 112.955
0.0001 8.5 0 0 0 144.04
0.0001 9. 0 0 0 180.93
0.0001 9.5 0 0 0 224.474
0.0001 10. 0 0 0 275.794
0.0001 0.0001 -3. 0 0 1.18565
0.0001 0.0001 -2.5 0 0 0.822653
0.0001 0.0001 -2. 0 0 0.56202
0.0001 0.0001 -1.5 0 0 0.296346
0.0001 0.0001 -1. 0 0 0.131847
0.0001 0.0001 -0.5 0 0 0.0329074
0.0001 0.0001 0. 0 0 0.0
0.0001 0.0001 0.5 0 0 0.0329447
0.0001 0.0001 1. 0 0 0.131686
0.0001 0.0001 1.5 0 0 0.296289
0.0001 0.0001 2. 0 0 0.52685
0.0001 0.0001 2.5 0 0 0.823178
0.0001 0.0001 3. 0 0 1.18539
-15. 0.5 0 0 0 0.27315
-12.5 0.5 0 0 0 0.185773
-10. 0.5 0 0 0 0.124244
-7.5 0.5 0 0 0 0.0750516
-5. 0.5 0 0 0 0.04026
-2.5 0.5 0 0 0 0.0138052
0. 0.5 0 0 0 0.00108582
2.5 0.5 0 0 0 0.00201565
5. 0.5 0 0 0 0.0146744
7.5 0.5 0 0 0 0.0397145
10. 0.5 0 0 0 0.0770726
12.5 0.5 0 0 0 0.126882
15. 0.5 0 0 0 0.188958
-15. 1. 0 0 0 1.20075
-12.5 1. 0 0 0 0.881913
-10. 1. 0 0 0 0.612182
-7.5 1. 0 0 0 0.3918
-5. 1. 0 0 0 0.220741
-2.5 1. 0 0 0 0.0994395
0. 1. 0 0 0 0.0173729
2.5 1. 0 0 0 0.00516168
5. 1. 0 0 0 0.0322288
7.5 1. 0 0 0 0.10886
10. 1. 0 0 0 0.23488
12.5 1. 0 0 0 0.410245
15. 1. 0 0 0 0.634973
-15. 1.5 0 0 0 3.09946
-12.5 1.5 0 0 0 2.3261
-10. 1.5 0 0 0 1.6657
-7.5 1.5 0 0 0 1.11813
-5. 1.5 0 0 0 0.680626
-2.5 1.5 0 0 0 0.35451
0. 1.5 0 0 0 0.0879522
2.5 1.5 0 0 0 0.0361725
5. 1.5 0 0 0 0.0439928
7.5 1.5 0 0 0 0.163178
10. 1.5 0 0 0 0.393506
12.5 1.5 0 0 0 0.735952
15. 1.5 0 0 0 1.18878
-15. 2. 0 0 0 6.2682
-12.5 2. 0 0 0 4.80365
-10. 2. 0 0 0 3.53299
-7.5 2. 0 0 0 2.46354
-5. 2. 0 0 0 1.59115
-2.5 2. 0 0 0 0.917108
0. 2. 0 0 0 0.277994
2.5 2. 0 0 0 0.16289
5. 2. 0 0 0 0.0826104
7.5 2. 0 0 0 0.200153
10. 2. 0 0 0 0.515571
12.5 2. 0 0 0 1.02891
15. 2. 0 0 0 1.7408
-15. 2.5 0 0 0 11.0679
-12.5 2.5 0 0 0 8.62601
-10. 2.5 0 0 0 6.49618
-7.5 2.5 0 0 0 4.67842
-5. 2.5 0 0 0 3.16928
-2.5 2.5 0 0 0 1.96921
0. 2.5 0 0 0 0.678747
2.5 2.5 0 0 0 0.495253
5. 2.5 0 0 0 0.22249
7.5 2.5 0 0 0 0.258772
10. 2.5 0 0 0 0.603744
12.5 2.5 0 0 0 1.25918
15. 2.5 0 0 0 2.22172
